100
19 2
2363 2365
2378 3670
2383 3669
2375 3663
3396 3668
3379 4977
3395 4997
3971 3990
3978 3995
3979 3996
3982 4001
3985 3988
3990 3995
3993 3999
3998 4004
3999 4008
4003 4013
4008 4016
4013 4019
5 5
7 14 0 24 15
9 8 16 22 21
0 16 30 15 0
24 20 15 15 13
18 7 0 6 23
1 33
2201 2200 2198 2181 2190 2194 4594 4578 958 4104 4109 4113 4006 4002 4008 4011 4016 2543 2538 2556 2559 2769 2767 2763 2746 2139 2133 2145 2149 2153 2156 2161 2163
71 1
4138
4141
4146
4149
4150
4154
4785
4784
4782
4781
4779
4771
4782
4784
4786
4789
4794
4797
4800
4805
4807
4811
4815
4818
4822
4825
4826
4828
4833
4837
4839
4844
4847
4848
4850
4855
4858
4863
4865
4866
4871
4876
4878
4881
4886
4888
4892
4895
4896
4898
4903
4906
4907
4911
4913
4914
4915
4918
4921
4925
4926
4928
4932
4934
4936
4939
4940
4943
4948
4949
4951
2 41
1240 1231 3489 3490 3139 1553 1549 2249 2251 2252 4493 4492 456 443 2555 2591 2592 4345 4325 486 4681 4679 4662 4672 4677 4128 4130 586 581 562 224 244 247 3731 3721 1529 1525 1532 1537 1541 1544
1242 1242 3129 3132 3135 1548 1538 2232 2247 2252 4491 4490 4484 728 2549 2583 2591 4347 482 474 476 2045 4682 4114 4124 4125 4126 581 576 572 242 248 3733 3729 3716 1513 1524 1529 1532 1536 1539
1 9
1347 1852 353 4853 633 4515 3872 2205 2220
4 10
2134 2132 2129 2125 2121 2116 2112 2106 2115 2124
2139 2134 2135 2130 2126 2124 2120 2117 2122 2123
2142 2139 2132 2131 2126 2124 2122 2119 2121 2126
2143 2142 2138 2135 2131 2126 2123 2120 2125 2127
100 100
144 140 139 135 135 125 122 121 116 118 115 111 109 104 105 103 109 99 102 96 92 94 99 102 101 96 95 94 95 110 108 111 115 120 125 126 130 134 135 122 123 124 123 135 131 111 108 103 101 88 86 85 83 81 79 68 64 59 54 53 51 48 45 46 44 48 44 43 42 39 26 25 27 28 32 36 38 43 48 50 55 55 64 68 90 86 81 86 89 88 89 94 101 102 103 110 112 113 119 124
144 131 133 130 130 126 126 119 114 117 107 104 104 102 103 102 105 97 99 91 90 94 98 95 94 95 92 90 108 107 107 106 111 115 119 121 125 130 122 121 121 118 122 123 128 133 106 101 98 91 90 87 83 79 77 76 71 69 53 51 49 47 44 42 40 38 41 38 37 36 25 23 27 33 34 35 39 47 46 49 52 54 59 59 63 80 79 80 87 86 88 93 97 99 103 107 111 112 114 117
140 130 129 128 125 123 126 113 112 105 104 103 103 99 105 101 100 94 97 86 85 88 92 94 89 89 88 87 111 106 103 105 106 110 120 118 120 123 124 120 118 113 117 120 126 128 103 100 96 93 91 90 91 82 78 71 69 65 62 52 46 47 41 40 35 33 40 37 35 32 17 20 23 28 35 37 42 46 45 48 53 57 56 55 59 76 75 75 81 83 84 85 98 88 89 110 114 115 119 121
138 135 131 127 122 121 122 110 107 101 103 101 96 94 98 96 95 90 93 85 82 84 91 94 85 84 80 85 110 103 102 100 103 102 118 115 116 118 137 123 113 111 116 117 123 124 105 104 101 94 95 91 90 92 72 67 62 61 59 50 45 43 39 36 34 30 35 36 33 28 14 16 21 24 26 33 39 38 44 46 49 52 51 53 56 76 72 71 76 78 82 83 84 86 87 90 95 98 104 124
155 150 148 152 123 118 117 106 102 100 98 96 95 93 96 94 91 88 78 84 79 84 87 91 92 81 78 84 106 110 104 96 97 100 113 114 116 119 132 128 111 107 112 116 118 123 106 104 99 94 93 89 86 73 71 69 69 62 57 52 50 40 38 36 31 28 26 21 25 23 10 15 19 22 25 30 32 37 42 47 46 48 50 52 53 68 65 69 72 74 75 79 82 84 89 92 92 96 99 104
152 149 143 149 153 116 112 110 106 101 103 98 93 88 92 90 86 84 77 74 76 81 86 88 73 76 74 79 105 104 100 93 94 97 109 111 115 116 130 127 106 105 107 108 111 112 109 108 101 99 95 83 82 77 72 69 67 63 59 53 53 41 34 32 27 25 22 20 19 18 1 14 15 20 23 27 31 35 38 41 42 44 48 51 51 57 62 66 69 75 80 80 82 84 92 87 91 94 96 101
148 145 142 147 151 155 117 114 111 106 90 89 88 86 85 94 84 80 76 71 75 81 82 85 72 69 72 106 101 99 96 91 93 102 107 112 113 114 120 122 103 101 100 102 107 111 114 113 102 100 90 89 84 76 73 71 70 68 60 45 42 39 38 34 29 28 23 25 20 18 15 20 25 24 25 32 49 52 42 43 39 41 42 45 50 53 57 59 60 77 81 82 86 84 80 83 88 89 94 99
148 143 141 143 146 111 110 97 95 89 99 94 90 83 82 79 82 77 74 70 74 79 83 80 72 68 71 74 104 95 94 90 92 97 100 104 109 112 117 120 123 98 99 100 102 110 98 94 93 92 91 90 90 85 80 78 75 73 45 42 39 37 36 33 30 30 28 26 24 23 18 24 27 28 29 46 45 49 38 40 36 38 36 44 48 55 53 54 56 68 70 84 87 82 78 79 87 91 93 96
145 145 140 138 115 110 105 94 92 88 86 89 86 84 81 78 77 73 70 68 71 77 82 75 74 67 65 75 77 100 81 85 88 89 101 102 106 111 115 117 121 97 99 104 105 108 94 101 98 112 107 106 97 93 88 83 77 54 51 47 43 46 41 37 35 31 29 27 25 28 23 27 32 29 49 46 43 37 34 38 31 32 34 39 41 54 51 52 60 65 69 77 72 72 74 78 82 87 89 92
140 138 133 134 138 104 102 93 89 85 85 83 81 79 78 76 69 68 65 67 69 72 79 71 69 66 62 71 73 73 77 82 85 85 88 105 111 115 116 119 98 96 97 101 102 103 89 90 113 110 105 103 99 94 92 85 78 59 54 48 49 45 44 42 38 35 34 32 28 32 26 28 33 46 43 39 38 34 32 36 29 32 32 34 35 50 49 52 57 59 58 72 70 71 72 75 87 88 91 93
137 134 129 132 135 105 101 90 87 84 82 83 79 78 75 72 68 63 61 65 67 66 74 67 68 65 61 67 71 68 75 77 78 83 84 85 115 92 89 94 94 94 97 102 103 91 88 86 90 114 110 105 100 95 95 88 82 63 58 56 52 50 46 43 44 40 36 34 33 31 30 32 34 36 45 41 43 34 29 24 25 28 31 35 41 44 48 52 54 54 57 70 68 72 73 74 79 80 83 96
134 129 126 123 123 101 98 87 85 83 81 79 76 77 74 69 66 63 58 62 66 62 69 65 70 64 60 63 66 67 70 67 81 87 87 98 96 101 86 91 91 93 97 102 103 90 87 84 86 87 114 109 101 99 76 72 69 67 61 60 56 49 47 45 46 41 40 36 35 34 33 35 36 37 38 35 33 28 24 23 20 23 29 32 39 40 47 48 49 52 55 65 66 67 68 71 72 89 91 98
131 127 123 120 121 98 97 85 84 81 79 76 71 70 70 65 64 59 57 60 65 58 56 62 52 51 56 61 64 57 62 62 63 67 76 95 94 97 83 87 88 92 97 100 104 91 83 82 83 84 146 142 105 103 78 74 74 68 66 65 61 60 57 55 48 44 39 37 42 43 38 46 42 41 37 32 31 27 25 19 17 20 25 30 35 40 45 46 53 57 59 63 64 72 71 76 80 85 88 93
126 123 121 117 114 100 95 90 86 82 77 74 70 68 65 63 61 56 55 57 60 57 55 59 50 48 52 53 51 52 57 60 63 68 71 93 93 82 81 85 90 95 96 105 107 84 82 79 81 86 104 137 132 132 128 116 76 77 73 71 61 59 54 52 48 45 40 39 40 47 50 47 45 36 34 32 28 26 21 17 13 19 30 31 36 43 47 52 55 61 64 65 66 74 75 77 81 86 89 92
117 116 114 112 111 102 100 100 87 76 74 79 75 69 64 60 58 56 53 47 53 54 51 52 49 46 50 52 47 52 50 52 63 65 54 92 89 84 79 84 88 89 94 95 82 80 77 78 81 99 99 134 130 134 127 115 117 75 72 68 67 63 59 55 50 50 45 44 44 60 56 52 40 38 35 28 23 20 15 13 10 1 13 18 40 45 52 56 59 63 68 71 69 73 77 80 83 91 90 91
125 120 117 110 109 103 100 95 78 74 70 69 68 67 65 64 50 49 48 46 50 57 48 47 49 42 50 45 44 45 47 51 60 63 52 67 72 69 75 79 93 91 93 98 80 78 75 78 103 98 95 129 125 123 126 112 76 73 72 70 80 65 64 57 54 55 48 46 50 57 56 53 58 42 36 30 25 22 19 16 13 4 9 11 15 19 56 58 61 62 72 73 72 74 80 84 85 95 94 98
121 118 113 108 104 99 95 90 84 74 71 70 67 64 59 59 58 54 46 45 49 53 43 44 48 41 45 40 43 48 50 51 56 48 51 63 66 67 71 75 76 87 92 97 79 72 74 78 83 92 91 123 121 120 121 108 110 86 84 80 76 71 66 59 55 60 65 51 64 63 60 55 60 40 39 27 23 22 20 17 14 9 11 12 19 21 26 60 62 64 67 70 71 73 77 82 89 91 95 96
125 119 114 112 106 100 88 85 80 78 78 62 61 60 58 56 55 51 45 43 46 46 41 40 45 36 41 39 42 43 47 53 49 46 50 60 61 63 66 77 82 84 85 77 74 70 73 75 83 91 86 81 93 115 112 107 112 116 123 84 80 71 69 70 60 63 69 52 68 66 63 54 47 48 46 45 40 24 25 22 19 13 14 19 22 26 27 64 66 71 73 74 75 78 82 83 86 91 98 123
124 123 115 119 106 103 87 82 78 76 75 61 60 59 56 54 50 46 47 42 41 45 40 38 40 35 31 34 37 40 45 49 52 45 48 55 60 64 65 78 83 89 53 71 68 67 68 76 80 77 85 80 90 112 107 106 109 113 118 120 81 72 72 75 65 76 74 56 58 56 55 50 46 45 41 38 36 31 26 30 22 14 18 23 23 28 33 38 69 73 76 80 79 83 83 84 85 88 116 119
127 126 127 99 96 91 89 83 79 76 73 69 67 63 61 58 45 42 41 40 39 38 36 33 25 34 26 31 34 35 46 47 48 44 49 52 56 65 51 51 52 50 50 68 67 63 67 72 78 74 82 79 85 89 108 103 105 107 119 98 100 103 74 77 109 108 76 63 62 61 58 55 48 45 43 40 38 34 28 30 26 17 21 26 25 32 37 39 41 43 78 80 82 86 94 86 113 111 113 115
132 128 97 95 92 89 87 82 80 79 77 75 72 66 62 59 53 49 47 44 43 40 29 28 24 29 24 29 38 42 45 46 34 39 44 49 54 50 47 50 47 46 48 53 60 61 65 73 70 70 79 78 82 85 99 98 102 99 99 96 96 107 106 108 106 104 72 70 65 64 60 56 55 50 45 45 43 39 36 34 29 34 25 30 35 33 40 45 46 47 82 85 87 88 93 98 108 107 112 114
105 101 96 93 91 88 86 85 84 82 80 79 73 71 66 61 60 60 48 45 48 25 23 22 19 17 20 22 28 35 49 28 32 35 39 50 53 49 44 45 54 41 45 59 58 60 71 68 66 68 75 76 77 98 95 93 98 96 98 91 92 95 105 103 100 100 103 74 66 66 63 57 60 52 53 48 44 42 40 39 33 35 26 31 40 43 41 45 47 52 57 78 88 76 75 77 107 106 107 109
102 97 94 89 88 83 81 77 76 77 70 66 63 59 64 61 59 58 54 49 34 31 27 22 18 15 19 23 27 30 20 26 30 29 31 39 43 47 43 47 49 37 42 58 54 54 69 65 61 66 71 73 98 97 94 90 88 93 98 86 87 90 92 98 97 97 99 68 67 67 62 58 57 54 56 49 51 47 43 45 35 40 31 32 36 39 44 49 48 49 52 74 76 74 71 73 104 103 106 96
102 100 95 90 84 82 77 75 73 72 67 62 59 57 50 49 61 32 30 54 38 33 28 26 11 1 9 12 13 14 17 21 23 26 30 38 40 45 39 38 44 36 40 52 51 50 56 55 58 62 65 67 95 92 90 85 87 91 83 85 88 89 87 93 95 96 97 98 76 73 68 67 63 58 62 59 55 51 46 48 53 54 60 63 66 40 45 48 49 50 98 73 72 66 70 75 95 101 102 94
133 101 90 87 86 83 81 80 78 75 62 58 54 52 47 46 32 28 25 22 21 20 17 13 10 5 7 8 22 19 19 26 25 27 31 33 36 58 38 36 39 33 37 42 46 48 53 52 54 55 61 68 102 97 76 80 83 88 82 84 89 83 85 89 92 101 102 108 115 84 72 68 67 61 61 59 58 54 47 50 52 56 57 61 64 71 75 49 88 94 96 72 67 65 67 72 93 100 96 92
129 128 126 89 90 85 83 84 80 82 66 61 57 49 46 45 40 35 30 27 19 14 13 10 9 7 12 16 17 19 20 23 27 30 32 35 47 54 33 35 35 32 35 40 43 46 54 48 56 61 60 65 70 76 73 77 80 72 77 78 83 82 84 88 93 97 101 106 111 79 75 73 69 71 62 61 59 58 50 54 53 56 60 61 66 69 79 81 86 91 94 77 62 61 64 92 91 95 95 87
127 123 121 89 88 85 84 80 85 74 71 62 58 54 49 47 43 38 34 31 23 16 17 18 14 12 13 16 21 20 21 25 32 35 37 47 45 50 31 34 32 27 32 35 40 42 50 44 52 56 59 64 75 73 69 61 67 69 72 75 76 78 82 87 88 100 102 109 116 78 77 75 73 73 63 64 60 60 60 59 58 60 64 67 71 73 76 79 82 86 91 64 60 59 59 94 90 94 90 86
124 121 118 93 89 84 82 79 76 71 69 66 63 56 51 48 46 50 39 34 24 20 24 22 17 18 16 17 37 42 46 26 34 40 46 44 43 48 29 27 24 25 29 29 32 49 45 41 47 52 57 61 48 68 64 59 62 67 68 71 73 75 78 81 83 87 99 97 101 84 81 80 81 83 70 67 66 64 68 64 62 63 66 70 74 77 79 82 85 89 71 73 60 56 54 91 86 84 89 84
126 121 117 115 94 92 90 87 85 84 74 71 68 58 54 50 49 52 44 28 27 26 25 21 19 22 27 30 33 35 37 28 30 44 46 45 42 47 28 11 22 20 21 25 29 47 44 39 44 48 53 57 47 65 61 57 61 63 65 75 77 79 82 85 86 97 95 96 99 103 88 84 84 85 71 69 67 67 67 65 67 65 70 73 77 82 83 84 88 70 68 71 55 53 49 85 83 79 75 79
123 115 112 113 110 105 88 84 82 80 78 74 72 59 57 54 54 57 47 31 28 28 25 22 20 27 28 29 36 40 43 33 62 46 45 43 41 44 26 6 14 16 18 20 21 46 41 38 42 43 55 59 44 63 58 53 58 63 65 69 82 84 69 72 74 95 93 96 99 106 89 88 86 87 78 73 68 77 72 69 73 69 74 79 88 79 79 82 69 64 65 66 51 48 44 47 68 74 73 75
119 117 111 110 106 103 103 91 87 84 79 78 81 63 58 56 61 46 42 42 30 29 28 25 24 33 32 32 40 44 48 61 59 48 46 41 39 26 21 4 9 14 17 18 23 25 35 34 34 39 44 43 40 42 48 50 53 57 70 75 80 66 68 69 73 84 90 91 95 102 107 91 94 105 102 102 98 95 76 78 74 70 74 76 83 78 74 74 64 60 62 67 46 44 42 39 67 73 68 73
118 115 110 107 103 102 98 93 91 84 80 83 68 65 63 58 59 41 40 38 36 34 32 27 27 42 37 39 41 48 50 61 58 44 42 38 37 20 17 0 6 10 12 13 14 22 27 29 33 35 37 41 36 39 44 48 50 53 54 58 61 65 70 72 76 80 85 86 86 99 103 96 96 102 98 97 96 92 87 83 79 75 79 80 88 74 71 70 61 59 61 62 44 43 37 38 65 64 63 68
120 116 115 110 108 107 101 94 96 69 64 61 59 69 68 52 64 68 45 46 41 38 36 41 44 44 41 42 43 44 63 58 54 43 38 34 32 21 19 18 10 15 28 25 24 20 23 28 25 25 29 34 35 34 39 52 56 54 59 58 66 69 72 71 74 77 80 83 85 96 98 102 117 103 101 94 91 87 83 79 84 86 77 75 67 68 66 65 57 58 62 43 41 38 36 41 63 61 62 63
122 119 102 97 113 112 76 71 70 66 61 59 56 53 50 49 53 50 48 46 42 42 48 46 52 47 43 46 46 57 56 55 52 47 38 33 28 27 24 23 11 29 25 22 19 17 13 16 20 23 27 29 31 33 36 41 45 56 55 56 57 62 69 66 70 82 82 86 91 94 98 110 115 112 109 87 84 83 79 78 79 74 74 70 65 68 61 60 54 57 50 48 43 33 32 36 39 56 61 62
128 123 98 96 92 96 90 85 83 86 64 58 53 52 46 44 43 44 50 46 49 48 45 42 47 58 44 46 65 62 58 57 44 43 41 37 32 30 27 27 32 30 25 21 16 12 8 1 19 18 21 26 31 35 39 43 48 51 54 55 59 61 64 65 68 69 85 87 88 91 93 108 107 111 108 103 89 84 80 76 74 70 66 64 62 67 58 55 52 53 48 44 34 32 31 35 38 53 47 51
104 100 97 94 90 93 86 82 79 82 71 61 52 51 46 41 41 39 39 43 46 51 44 40 46 54 55 59 65 63 59 60 46 49 45 38 36 31 32 28 35 28 26 24 20 15 12 10 13 14 17 22 24 27 42 45 52 55 56 57 60 61 62 69 73 72 90 88 91 96 100 104 106 108 102 99 97 93 85 77 77 72 67 59 58 63 52 52 47 48 52 42 38 32 30 34 36 48 44 48
102 99 99 92 89 89 80 79 75 77 67 67 48 47 43 38 37 34 35 41 44 49 41 37 45 50 55 57 62 69 68 72 60 50 48 49 36 34 32 30 33 30 30 28 25 20 14 12 18 20 24 23 26 29 33 38 42 47 52 59 62 66 66 70 72 75 76 90 101 97 100 102 108 112 106 100 90 89 86 74 70 69 65 62 57 53 49 45 44 47 40 37 34 29 29 38 37 38 42 43
97 96 95 93 88 85 86 77 71 70 65 63 76 75 40 36 34 29 33 39 43 42 37 35 43 47 51 55 60 65 66 59 56 54 53 56 41 37 41 38 36 34 33 30 26 23 36 23 22 25 35 26 31 33 38 43 47 51 53 57 58 59 64 69 73 77 77 109 106 101 105 106 110 95 92 93 87 84 83 77 68 64 59 55 52 49 48 44 41 39 40 35 32 28 25 33 34 33 38 40
96 94 92 90 85 82 78 73 68 62 60 61 75 70 37 34 29 28 31 36 38 24 29 33 38 39 56 57 62 63 71 62 60 55 57 59 40 39 40 42 39 35 39 30 29 36 32 29 25 29 32 35 38 35 40 46 59 56 55 56 57 59 63 66 66 80 82 110 109 111 116 122 93 91 90 88 86 82 80 76 73 64 60 57 54 52 42 39 36 34 32 25 18 29 24 29 30 32 34 38
79 76 75 70 79 77 75 70 65 63 58 56 61 65 30 25 27 24 28 33 36 23 28 32 34 27 32 35 64 66 69 65 63 60 59 47 44 40 45 49 44 36 41 46 42 37 36 32 27 32 36 38 41 44 64 66 60 61 58 63 58 59 60 64 65 69 71 72 112 115 119 120 123 96 95 93 81 76 74 73 72 68 63 59 56 45 40 36 31 30 28 23 16 16 22 27 32 37 36 43
75 72 70 69 73 78 79 75 70 57 56 52 56 61 27 23 18 19 21 34 39 20 17 20 25 26 27 31 33 69 74 66 66 62 61 51 46 45 50 51 46 55 54 50 46 39 39 34 32 34 38 41 55 58 62 67 68 62 60 64 75 63 62 66 70 70 73 77 113 119 120 121 109 105 103 107 83 80 77 76 75 71 66 63 57 47 43 38 34 29 26 19 11 15 17 22 26 23 26 24
79 75 69 68 69 69 62 58 60 55 52 48 40 35 33 19 16 14 14 14 19 18 15 18 28 32 30 32 37 74 77 70 69 66 58 54 58 50 55 52 48 61 59 51 48 42 41 39 36 35 42 46 51 54 55 60 65 70 65 70 74 77 81 98 101 74 76 79 83 124 128 110 108 103 102 97 94 89 84 80 78 73 70 78 55 52 36 33 29 26 22 18 10 11 12 15 12 20 24 21
74 69 68 66 71 66 60 55 54 53 48 44 35 35 32 37 12 10 11 10 14 13 14 18 24 36 34 36 38 78 83 77 73 69 58 55 55 53 58 57 52 66 64 65 68 46 45 41 39 36 43 47 55 57 68 69 73 76 69 75 80 93 95 96 99 104 109 111 120 129 116 112 109 105 100 96 91 87 86 83 80 75 75 73 69 66 62 35 22 21 19 1 7 9 11 11 8 15 6 19
71 68 64 61 60 61 56 52 47 46 41 39 34 30 28 27 8 5 8 9 10 11 12 14 19 24 31 33 38 82 83 82 76 72 57 56 59 55 64 61 66 67 66 67 50 49 48 44 41 51 46 48 57 62 63 66 70 71 75 76 87 89 91 96 99 100 102 106 116 118 113 108 106 100 104 98 87 83 82 80 73 70 69 68 67 62 58 57 28 25 20 20 10 14 18 9 7 0 1 18
67 62 60 57 56 54 51 48 44 43 46 43 36 29 24 22 6 1 11 14 17 15 17 18 24 28 30 33 35 39 41 86 88 73 68 64 61 57 66 64 68 68 71 64 61 57 53 49 42 54 51 61 60 64 66 70 71 74 79 82 86 89 90 94 96 98 100 103 113 114 112 107 104 99 100 85 92 87 83 78 80 73 63 69 62 59 56 52 51 20 19 18 13 14 19 13 12 10 14 15
64 59 58 56 53 52 49 44 41 39 34 33 32 22 21 18 13 11 15 16 18 19 19 23 25 29 35 36 40 49 52 54 58 74 70 66 66 73 70 69 73 84 79 67 66 59 58 49 47 52 53 65 65 69 68 74 72 76 83 83 91 94 97 102 103 103 107 108 112 116 102 97 96 95 92 84 80 80 75 76 71 68 62 68 64 60 54 49 46 27 24 19 18 23 24 21 17 13 17 20
67 62 60 61 56 53 50 48 46 40 39 36 31 29 24 20 16 12 16 20 21 20 22 28 32 36 38 39 40 44 45 58 93 89 86 82 79 75 73 72 82 81 76 71 67 71 63 50 48 57 60 63 67 75 71 73 75 79 88 88 102 97 100 105 109 105 112 113 113 116 102 99 94 91 87 83 78 75 73 72 68 63 61 56 51 49 45 44 42 30 28 32 22 26 31 26 18 14 17 24
70 74 62 72 57 54 52 51 48 44 41 38 36 34 29 24 19 15 17 19 32 37 41 30 32 37 39 42 43 46 49 59 66 91 87 83 81 76 76 93 88 85 78 75 69 76 67 55 51 60 63 65 76 74 72 76 86 81 86 91 99 98 101 109 110 117 115 118 116 110 105 101 97 93 89 86 80 79 77 73 70 68 65 57 52 48 45 44 39 34 29 32 23 24 22 21 20 17 22 28
85 79 76 70 64 61 59 57 52 48 46 43 39 37 31 27 20 20 22 25 27 30 44 45 46 48 53 46 55 51 54 58 61 65 67 85 105 103 98 94 91 86 80 78 73 75 72 56 58 62 64 95 79 75 77 79 89 84 89 93 103 99 105 110 111 127 119 121 116 111 110 103 99 104 91 90 83 88 83 78 83 73 63 59 55 50 46 45 40 37 32 27 26 29 25 23 23 22 23 32
81 76 72 67 66 64 64 62 56 51 48 46 42 40 36 27 22 23 25 28 32 34 46 48 49 54 55 60 57 56 57 62 66 67 69 108 105 101 99 97 84 83 82 86 77 78 74 60 62 97 94 93 88 84 80 84 85 88 96 99 102 100 117 115 119 123 128 139 118 114 115 106 104 108 94 93 92 90 85 81 83 78 65 63 56 52 50 48 44 42 32 31 30 31 34 25 31 26 27 31
79 78 75 71 70 69 66 65 67 71 52 49 44 44 38 29 25 28 30 35 39 39 41 44 53 55 60 61 58 60 65 63 66 69 72 111 104 103 100 91 90 86 86 84 79 81 83 84 105 101 97 95 91 82 81 88 89 90 91 94 96 115 121 118 124 129 133 137 140 117 113 111 106 103 102 97 94 95 87 80 77 73 69 65 70 59 54 50 47 47 36 35 34 32 37 40 35 30 32 32
83 79 76 85 80 75 71 67 69 70 56 49 45 47 41 38 34 31 33 40 45 40 43 47 52 57 65 65 69 62 65 67 97 123 122 110 108 105 104 94 93 90 90 87 80 83 85 100 110 102 101 96 93 88 83 92 91 94 95 98 101 110 115 122 125 131 138 138 145 120 115 113 109 106 103 101 103 100 90 85 82 77 70 68 73 78 59 52 53 50 38 40 35 36 38 45 36 35 38 35
88 83 81 87 82 77 73 69 72 84 60 49 46 49 42 39 37 32 37 38 42 41 46 48 50 51 53 58 61 65 68 69 94 119 117 116 111 87 82 95 95 87 91 89 86 89 100 95 96 98 104 100 98 89 86 95 92 103 98 99 103 106 108 112 114 136 137 139 150 155 118 118 109 108 108 110 107 103 87 82 81 79 75 73 76 82 84 55 57 54 41 41 38 39 44 45 41 39 42 39
92 94 91 87 86 82 77 71 75 79 80 54 50 52 43 43 41 36 39 39 47 51 51 54 58 53 54 56 71 69 70 95 92 87 88 91 86 85 80 90 89 85 89 86 85 86 91 94 95 97 101 103 100 95 91 99 101 105 102 100 102 108 109 114 115 141 140 141 153 156 114 113 110 109 117 115 109 104 86 84 85 80 79 78 77 86 90 92 62 59 43 43 40 44 46 47 49 43 44 60
94 95 94 95 90 84 79 81 80 83 64 62 61 56 57 45 41 37 41 51 50 51 52 56 58 63 57 58 76 97 96 92 88 82 85 87 81 73 75 88 83 81 77 85 82 84 89 92 95 96 102 88 102 99 96 101 105 109 106 105 110 111 112 115 127 130 141 146 157 158 115 115 112 110 120 119 100 95 90 89 86 84 82 82 81 91 95 66 65 70 53 48 44 45 47 50 51 53 55 56
95 99 99 98 95 88 83 86 62 64 68 64 66 61 62 30 32 39 43 57 52 56 61 61 63 66 59 62 100 100 93 89 84 79 82 78 77 72 71 86 81 78 73 84 79 82 86 88 83 86 87 86 88 104 99 104 105 107 111 110 111 116 116 121 123 128 129 146 122 120 119 120 116 114 124 103 101 97 92 94 91 86 86 84 83 96 98 71 69 71 53 49 47 48 51 51 54 55 56 57
100 104 106 104 99 87 85 60 58 63 40 41 34 33 28 27 30 28 47 61 57 49 51 63 66 58 61 97 96 95 91 87 83 76 72 76 71 70 67 70 75 70 68 68 75 73 76 82 80 85 86 84 88 89 101 105 106 99 104 113 113 117 122 123 128 133 137 141 144 122 129 126 121 116 128 122 103 104 101 99 94 93 88 87 84 97 101 74 72 58 57 52 50 52 56 61 57 58 61 58
104 112 109 106 103 108 60 59 57 59 39 37 34 38 25 22 26 27 32 37 43 44 46 50 55 57 96 95 94 91 89 84 80 75 67 65 65 62 64 68 70 67 64 67 74 70 72 73 79 81 83 81 84 88 90 92 96 97 99 92 94 118 123 116 120 118 142 143 123 135 134 129 124 118 121 118 115 113 108 103 97 94 93 87 85 98 103 72 65 63 55 53 55 57 59 64 65 62 62 65
114 116 103 98 104 60 57 56 53 41 36 34 30 34 26 21 24 28 30 35 40 43 48 45 52 56 95 91 88 86 86 83 76 74 66 64 60 59 60 63 65 62 61 65 67 65 69 74 78 83 84 77 79 74 76 72 79 79 85 90 93 92 97 115 112 113 115 119 122 126 131 128 126 129 127 122 117 113 111 104 98 99 95 92 87 100 73 68 65 62 59 56 59 62 66 75 66 63 68 73
112 108 102 97 58 56 51 50 48 46 49 32 29 31 21 20 25 31 23 24 41 42 43 44 50 52 90 86 85 84 83 78 73 70 65 63 60 55 57 67 57 57 56 59 66 62 67 71 76 77 74 75 67 72 71 71 76 78 83 87 90 91 100 114 110 111 116 118 119 124 128 131 131 134 127 119 116 115 112 107 105 104 96 97 75 74 72 70 70 64 63 61 60 64 67 70 75 67 71 74
109 104 99 95 90 58 52 54 49 44 47 30 28 26 21 16 12 24 21 24 40 38 39 48 47 48 92 87 88 86 84 79 72 67 63 59 56 53 58 58 56 55 52 56 58 58 62 67 65 67 71 70 65 66 69 70 72 75 79 84 88 97 99 106 109 111 114 120 120 126 129 133 133 130 125 124 120 119 114 111 106 105 99 88 83 78 75 71 77 68 64 67 68 69 69 71 75 68 69 70
112 105 96 91 88 53 50 49 46 42 44 34 27 23 17 14 10 14 18 19 38 37 37 39 42 44 47 92 91 90 83 82 74 69 58 56 54 50 52 41 43 52 49 51 53 57 61 65 64 65 63 67 62 65 68 73 79 84 85 91 92 95 98 103 104 107 111 114 125 129 134 149 136 133 129 126 124 122 118 113 99 110 91 86 83 81 78 79 73 68 67 69 71 75 80 83 97 69 73 74
96 91 87 86 83 77 53 42 40 37 36 33 34 20 22 11 8 14 16 21 24 33 35 36 38 43 50 52 82 81 79 76 74 70 58 57 50 49 41 40 42 40 48 50 42 46 47 64 59 58 60 62 60 64 65 69 77 82 83 87 89 94 97 105 105 109 112 113 122 126 130 144 140 136 134 130 125 124 106 96 95 93 90 88 87 85 79 82 74 70 69 70 73 76 78 91 96 99 76 77
92 89 88 83 79 74 48 44 40 36 33 30 31 19 17 9 7 10 11 17 33 30 32 37 42 43 45 46 91 87 82 85 76 73 64 51 47 44 43 38 37 39 43 45 41 41 42 45 54 54 55 58 59 60 69 72 75 77 80 89 94 99 101 107 109 111 116 117 121 123 126 130 143 139 144 134 128 105 101 100 96 95 93 93 91 93 84 84 75 73 72 75 75 81 85 90 94 104 81 84
93 89 87 86 73 69 68 46 44 41 33 28 28 23 15 7 6 6 11 15 20 26 25 27 39 43 46 50 87 83 85 80 66 65 62 46 44 40 39 37 36 35 40 31 37 40 45 53 50 50 55 53 62 62 71 75 80 83 96 99 95 103 106 111 115 120 118 119 126 125 128 147 145 144 132 130 129 133 105 105 97 96 94 96 93 96 86 86 81 77 76 77 79 82 88 94 96 99 103 108
94 92 90 78 68 67 65 60 57 33 29 25 23 18 13 7 3 5 10 14 19 21 24 29 37 40 43 55 84 81 77 76 72 60 59 61 45 44 44 35 31 30 32 30 36 35 38 49 46 47 47 49 50 63 76 80 85 90 91 93 98 101 103 109 112 116 122 122 131 127 128 130 148 150 134 132 131 109 107 105 100 98 99 100 98 93 91 85 83 78 81 86 83 87 88 93 101 106 106 110
81 79 80 75 63 62 61 56 54 50 32 30 25 11 8 3 1 11 12 15 20 31 28 32 35 39 46 51 55 79 74 72 69 58 55 59 62 38 36 39 35 29 27 28 29 33 38 37 41 44 46 50 52 57 71 85 90 91 94 98 100 101 105 108 110 115 118 140 135 129 133 138 152 152 155 138 133 118 114 110 101 103 106 101 100 98 92 87 84 81 82 87 85 92 92 93 106 110 109 111
79 76 75 70 66 65 60 59 48 46 51 17 12 11 9 5 8 13 17 18 22 26 29 33 37 39 44 48 53 75 65 66 64 54 52 35 36 36 33 35 31 25 23 24 25 30 31 35 36 40 51 54 57 64 67 68 70 74 77 103 104 107 106 112 113 120 122 129 139 136 137 148 144 147 151 125 124 121 116 112 109 107 108 104 109 110 92 90 89 86 87 88 89 96 94 96 99 108 112 113
79 77 80 71 69 67 52 50 46 41 38 38 18 15 12 10 13 18 18 21 24 27 31 37 39 42 45 83 76 70 64 63 59 52 48 33 32 31 28 29 28 12 18 21 22 23 36 39 40 41 47 49 60 63 65 65 67 70 74 107 106 109 114 116 114 118 123 124 125 131 135 135 139 144 145 127 128 123 118 117 114 112 107 105 106 112 93 91 93 94 91 90 94 98 95 96 101 107 110 112
88 84 80 75 72 51 48 43 41 39 34 33 20 19 24 13 18 23 22 23 26 27 31 42 44 46 84 79 74 69 63 56 54 49 45 46 34 29 26 26 23 8 17 19 21 23 38 39 41 45 46 50 55 58 63 64 65 75 76 80 81 91 96 114 113 114 116 121 122 126 128 132 135 138 146 133 128 127 130 118 115 114 111 110 114 119 98 95 97 96 95 93 98 103 100 98 100 104 107 114
93 87 84 80 75 57 52 48 45 42 36 32 28 23 19 16 18 20 27 24 26 31 34 45 53 55 86 83 68 65 62 58 57 47 43 41 38 28 23 21 19 1 13 16 21 22 24 35 39 37 49 52 56 61 67 67 73 77 80 78 83 87 89 109 111 111 113 118 123 128 132 137 139 141 151 138 132 128 131 128 124 119 115 112 117 120 100 100 98 115 110 106 101 105 104 103 103 108 109 134
71 70 87 91 61 60 55 51 47 45 40 35 31 24 26 21 19 23 27 25 29 32 36 47 51 56 86 82 71 69 67 63 43 42 40 37 35 33 28 23 22 6 14 17 21 25 27 32 33 35 36 53 54 57 62 65 70 72 75 77 78 83 88 104 106 108 112 115 118 129 138 138 140 142 143 142 137 133 132 132 126 124 119 115 119 103 101 106 100 114 109 106 103 109 105 109 104 107 126 129
70 69 71 76 60 59 55 54 52 53 44 40 36 38 39 24 22 28 38 33 32 34 38 42 47 48 53 80 75 72 59 64 48 45 41 38 38 34 29 16 12 10 21 19 20 33 35 37 39 42 45 49 51 54 57 63 69 73 78 80 81 91 95 100 105 107 108 120 123 128 133 131 134 135 146 146 141 138 137 136 138 126 122 118 120 107 102 103 107 118 112 109 108 114 110 114 116 119 121 123
68 66 70 58 55 60 57 59 53 52 47 45 37 41 44 48 24 33 43 34 34 35 38 41 42 44 49 52 76 61 58 57 54 49 45 45 40 35 36 35 31 29 27 23 25 28 31 36 40 43 46 54 55 56 57 62 66 67 81 84 87 90 94 98 100 109 113 116 120 124 128 129 130 134 137 147 145 147 141 139 131 130 125 129 134 138 106 107 111 116 113 112 115 117 115 118 117 121 125 127
64 62 55 55 54 55 49 50 53 51 50 48 43 42 47 49 28 43 42 40 35 38 41 44 46 48 67 70 81 63 59 58 58 51 50 47 40 39 43 39 36 31 31 27 29 30 35 45 48 49 55 55 60 60 64 63 64 68 85 85 88 93 98 99 103 106 108 111 120 125 128 129 131 136 139 141 150 155 145 138 135 134 129 130 135 139 110 112 116 124 119 114 118 118 124 122 126 122 128 131
62 58 53 50 49 53 44 45 44 57 52 52 49 47 50 53 46 42 41 39 36 40 45 50 58 61 65 67 70 76 75 63 60 58 54 45 42 41 45 48 39 37 34 29 31 33 38 40 45 49 52 54 59 60 65 69 73 78 82 86 90 98 103 100 108 111 109 114 115 117 120 124 125 129 134 135 151 154 150 139 138 137 133 135 138 143 112 113 121 127 121 117 121 123 131 126 130 127 128 130
64 60 52 49 46 47 43 40 43 46 56 52 50 51 55 60 72 46 42 40 40 45 48 51 55 58 60 68 75 72 73 68 64 54 52 49 47 44 47 52 44 39 36 38 33 36 43 46 48 50 55 58 62 66 69 70 76 83 85 87 104 99 103 108 112 115 110 111 120 118 121 125 127 133 138 137 155 158 162 143 141 138 137 145 142 145 148 117 124 128 125 119 124 129 139 137 135 132 132 134
63 48 46 47 43 44 40 36 40 41 42 47 53 55 57 62 67 71 74 79 43 53 49 52 58 62 64 82 72 69 68 63 59 57 55 52 52 45 48 56 46 43 39 42 38 39 48 49 50 54 65 68 66 79 72 72 74 76 80 81 85 102 106 109 112 116 111 116 120 121 122 129 170 173 177 174 174 160 167 147 145 143 152 148 147 148 153 154 136 131 130 129 128 131 139 138 137 137 133 137
58 47 45 44 39 41 40 32 34 45 46 47 55 57 57 62 58 62 65 80 45 57 56 53 60 67 71 77 75 73 67 65 60 58 59 57 54 49 51 54 51 46 41 45 39 54 53 50 54 59 64 65 70 75 79 73 77 77 80 82 84 104 109 114 116 118 119 124 153 154 160 164 166 168 169 170 171 172 176 181 176 167 152 151 150 155 154 156 158 165 160 158 130 152 150 139 138 140 141 141
56 55 51 40 35 30 35 31 31 42 44 60 56 56 52 53 56 57 62 65 48 62 60 57 61 72 73 82 80 76 79 69 63 61 61 61 54 52 56 54 53 51 45 48 43 57 56 53 55 60 66 71 74 79 77 78 80 92 99 100 102 106 114 115 121 141 146 147 149 154 159 160 168 170 170 172 172 173 179 182 171 166 158 157 152 154 159 158 167 163 159 155 152 150 147 144 140 141 143 148
54 51 46 35 30 25 34 29 29 37 39 41 60 52 47 50 61 61 66 71 73 76 62 61 66 75 78 84 82 80 84 69 64 66 71 62 62 57 62 61 56 57 46 73 44 62 61 55 60 62 65 67 72 75 76 81 94 89 94 97 99 118 122 120 143 139 141 151 152 157 160 163 164 171 174 175 173 177 183 170 168 164 162 158 153 156 160 162 166 165 164 160 157 151 145 143 141 142 146 151
51 47 42 39 25 23 21 28 27 32 35 34 40 45 45 46 49 62 63 67 71 74 67 66 68 85 80 84 87 81 86 69 66 68 70 64 63 62 65 63 58 60 75 70 67 63 70 67 63 67 68 69 71 74 75 80 82 88 92 111 114 115 117 121 136 134 137 141 144 147 152 164 161 165 161 164 169 188 183 174 172 168 168 163 158 157 161 165 169 167 166 163 159 154 146 148 143 145 146 148
52 41 38 34 27 22 19 24 22 24 25 31 38 40 41 46 47 53 58 61 64 79 70 67 69 86 85 90 97 92 91 71 70 72 71 67 65 67 72 68 59 60 80 75 72 76 71 69 65 69 71 73 75 75 79 82 85 86 88 107 110 113 115 119 129 131 135 138 141 143 150 156 158 163 160 163 164 183 178 182 174 170 171 165 162 160 165 170 170 168 170 166 163 156 154 150 147 152 157 158
38 38 34 31 26 23 18 19 21 23 25 28 33 34 46 47 49 50 53 54 62 64 73 72 90 89 87 88 102 98 96 76 73 79 76 72 70 72 77 65 62 63 82 77 74 80 74 72 70 72 77 81 80 77 82 85 87 88 99 104 105 116 118 123 127 130 132 136 139 145 146 153 153 155 159 160 163 166 177 182 186 189 184 167 163 165 170 171 174 172 171 169 166 160 152 150 149 154 159 161
37 35 33 32 18 17 14 16 16 25 28 33 36 39 36 38 43 51 55 58 60 62 67 74 77 93 90 91 105 100 97 79 77 81 80 80 75 78 70 66 63 103 101 94 86 82 77 73 72 75 82 85 85 82 89 86 90 95 96 101 108 118 121 125 127 128 133 137 139 140 144 148 149 152 154 166 168 171 172 175 185 188 180 173 168 167 173 175 177 176 175 172 176 165 154 152 150 156 161 162
39 22 21 18 19 15 11 7 14 15 18 22 27 31 32 37 40 45 49 50 51 55 57 69 73 75 78 107 104 101 86 82 78 83 82 85 80 82 70 67 66 101 97 92 88 85 82 75 74 77 84 85 108 112 93 88 92 96 100 105 106 109 130 126 132 130 131 135 140 141 147 148 151 156 160 162 167 169 176 179 184 185 177 174 173 168 175 176 178 177 179 177 177 164 161 157 154 158 162 164
27 26 18 15 12 10 9 6 10 11 16 19 22 27 34 41 44 45 54 53 56 60 63 68 69 70 75 92 106 104 87 83 79 84 86 87 82 83 72 105 103 102 99 96 92 86 83 76 84 80 83 99 107 109 111 116 93 97 102 106 109 141 145 131 138 135 134 137 143 153 149 151 165 161 164 167 172 175 179 184 185 187 178 176 191 187 182 179 181 186 184 179 182 167 165 160 159 163 165 167
57 56 24 19 17 12 11 1 6 11 12 17 26 31 37 45 46 47 56 59 60 64 69 77 81 86 87 88 92 90 89 85 89 94 92 87 86 87 74 114 109 104 102 98 99 104 83 81 85 82 83 98 103 106 102 121 123 127 128 129 134 138 142 151 151 139 135 139 143 148 152 156 168 166 168 173 174 178 184 190 189 190 183 178 196 192 187 182 182 191 189 176 172 169 174 165 162 170 168 172
51 52 56 23 25 21 17 15 7 12 14 19 27 34 39 52 49 52 53 58 63 65 69 72 75 90 89 91 95 95 92 87 92 96 97 92 89 90 94 99 114 108 106 101 103 94 90 85 90 87 91 93 95 97 100 102 128 129 133 132 136 138 142 146 147 139 137 142 145 151 152 155 158 168 171 174 179 184 188 194 192 197 200 200 197 193 188 183 186 190 183 177 176 173 174 166 167 175 170 174
49 51 37 39 26 21 20 16 9 12 17 21 32 36 38 37 52 56 57 61 67 66 72 77 78 81 93 95 96 96 93 90 95 98 111 97 92 96 96 121 117 112 107 111 105 98 95 87 93 90 95 94 102 105 108 112 117 119 123 152 138 139 144 151 156 142 139 147 152 156 180 179 180 173 174 175 180 189 194 198 193 201 203 204 200 194 192 192 191 184 180 179 177 174 179 181 186 189 171 177
45 39 36 35 37 24 21 23 10 22 20 25 28 32 33 34 37 60 64 65 72 69 75 82 85 89 96 97 97 100 96 93 98 103 108 112 96 99 101 123 122 115 110 113 118 102 98 103 97 95 97 98 101 103 105 106 110 114 119 148 150 153 155 153 156 159 159 148 170 173 175 176 181 182 185 186 189 194 197 202 194 206 206 205 204 197 198 194 192 186 182 183 180 186 181 183 186 190 173 178
41 38 33 31 34 29 26 29 42 26 25 27 30 31 33 37 41 46 50 54 55 74 87 86 87 96 100 103 100 101 107 105 103 104 106 117 97 98 131 126 124 116 112 113 111 108 103 102 101 106 98 101 103 105 106 110 113 115 140 143 146 151 154 156 155 157 157 159 166 169 170 174 175 179 180 183 185 188 190 217 195 216 211 214 209 210 201 196 197 193 190 186 192 190 185 188 191 194 176 181
38 33 28 29 31 30 30 34 38 39 28 31 34 35 37 42 44 55 59 63 60 76 91 90 93 95 97 99 105 113 110 108 106 106 111 118 100 99 130 129 127 116 115 116 113 112 108 110 106 111 100 103 108 109 111 116 118 130 135 138 141 146 151 146 150 153 156 158 163 167 168 173 175 179 192 195 197 201 205 212 216 214 220 222 227 228 232 199 198 215 210 190 195 192 188 190 193 178 177 182
43 28 27 28 32 37 32 37 41 42 47 49 40 39 40 41 45 50 52 56 58 104 99 94 97 99 100 101 106 118 114 110 110 110 125 123 125 100 135 131 126 121 117 122 117 113 115 120 110 113 102 111 109 111 113 118 123 128 130 135 136 139 142 144 145 148 150 161 167 171 174 176 181 185 187 192 193 196 198 210 211 213 216 219 224 225 229 237 240 207 206 203 200 197 192 191 194 179 181 183
45 26 22 23 27 33 38 44 46 47 51 51 43 41 44 42 48 54 56 61 98 102 100 96 100 103 108 103 110 112 118 115 112 111 127 126 129 134 140 136 127 122 127 128 119 118 118 122 114 116 121 116 113 114 115 120 125 130 133 140 144 145 150 151 146 148 152 154 157 162 179 184 187 190 188 197 201 200 204 206 207 209 211 223 225 229 232 234 239 212 211 208 202 200 193 196 198 202 205 188
27 26 21 16 28 31 35 39 44 44 43 49 53 46 45 45 48 49 54 56 96 101 104 100 102 105 107 105 111 117 119 117 115 112 117 129 132 137 132 131 128 124 132 133 137 121 121 126 119 117 122 120 115 118 122 127 128 133 136 145 148 153 153 158 159 163 155 156 161 165 166 187 188 195 200 202 206 201 206 208 212 212 216 220 226 234 237 238 242 244 215 220 206 205 195 198 203 207 211 192
30 21 16 14 27 29 28 33 36 40 42 47 48 53 58 77 80 50 90 91 95 97 104 107 110 114 108 110 113 121 122 123 118 117 118 144 140 139 134 136 131 128 137 134 138 142 145 147 123 121 128 124 119 119 124 125 130 132 139 143 151 154 155 159 162 166 171 176 166 167 171 175 179 183 192 204 207 209 210 215 214 218 220 223 227 235 240 239 245 249 216 218 219 207 211 207 204 209 213 193
12 17 13 11 23 24 26 29 38 41 46 51 54 57 70 73 78 86 87 89 93 96 99 105 109 112 115 117 128 124 123 125 122 120 124 129 145 144 146 139 133 131 140 140 139 143 145 151 142 140 132 128 123 121 126 128 133 145 140 143 154 158 159 162 165 169 172 180 167 170 172 179 184 188 191 195 208 212 213 217 219 220 224 228 228 237 242 250 246 250 217 219 221 223 210 209 207 225 230 232
11 12 7 6 19 21 25 34 42 45 49 56 61 63 68 69 77 83 84 86 92 96 96 101 102 113 118 120 124 125 125 136 126 125 125 133 138 148 152 155 134 133 143 145 144 147 146 144 139 138 133 131 128 130 137 130 134 138 143 145 155 163 163 164 166 171 172 177 169 173 175 184 185 188 194 198 203 207 209 211 216 217 226 229 229 232 245 249 248 255 257 220 222 226 214 213 217 222 226 231
10 9 8 5 0 14 30 35 46 48 51 60 62 67 68 71 74 79 83 85 88 92 94 97 99 104 107 121 126 127 135 134 130 128 132 136 157 152 155 156 139 138 144 150 145 150 151 149 143 139 137 136 132 135 136 137 137 143 145 147 160 161 164 173 169 172 173 174 172 175 180 193 189 191 199 201 205 208 211 214 217 219 229 233 237 241 247 253 250 257 260 221 226 222 218 215 217 224 228 232
1 25
2209 2202 872 1746 4302 4283 288 1339 1346 1349 1735 1730 1711 1718 354 336 3244 2820 2800 2818 3684 4268 1123 1115 2412
2 9
2713 1505 4354 2744 2749 3391 3389 4717 4180
3152 1488 4341 4343 1060 1056 1044 311 825
3 46
4442 1445 1437 1802 1431 1081 1086 3439 3435 2812 2811 2817 2883 2892 2895 2942 2946 2930 899 896 895 878 892 1048 1048 1053 980 976 975 966 978 1195 1185 3248 4337 4335 4333 4339 4341 4058 4057 4046 4054 4055 4057 4061
4437 4439 1789 1785 1798 1072 1090 3435 3432 3429 2808 2807 2814 2897 2938 2937 2924 2926 2931 1044 1031 1024 1040 1043 1044 3546 3550 1842 981 979 1194 1179 1180 3245 3237 4342 4324 4334 798 871 868 4056 4057 4059 4064 4067
4454 4441 1794 1792 1800 1080 1091 3430 3429 3418 3423 2817 2818 2823 2938 2935 2920 2925 2929 1042 1040 1039 1041 1042 1047 3541 3536 1829 1843 980 1199 1197 3250 3232 3235 3237 4333 802 783 803 853 865 866 868 4067 4071
1 14
5000 4986 5005 4729 2246 3824 1138 1118 3200 1717 1265 1284 1289 1292
13 2
4612 1465
4595 1463
659 1461
664 2415
665 4170
4155 4154
2018 2007
2017 2014
2021 2017
1287 2022
1286 1296
1282 1294
1275 1289
10 1
8
46
3040
454
2051
2036
2042
4565
4580
4626
64 5
3307 3306 325 323 312
3305 3302 3301 322 317
3305 3301 3298 3303 318
3292 3288 3287 3299 3301
1595 59 43 56 58
1585 1605 61 59 63
1602 1603 1606 1609 66
1607 1608 1609 76 71
1610 1615 1611 80 75
1611 1615 1144 81 76
1616 1146 1141 1144 1132
1148 1144 1139 1141 1128
1145 1140 1135 1131 1126
1950 1134 1131 1128 1123
1948 1955 1127 1124 1122
1946 1954 760 1122 1105
1940 1951 752 759 1110
1958 3274 3257 3259 1114
3307 3287 2135 2137 2634
2130 2126 2117 2122 2633
2135 2130 2119 2120 2631
2138 2141 2124 2483 2629
2139 2144 2485 2480 2626
2141 2146 2461 2460 2465
1013 4811 4805 2462 2468
1011 4809 4804 1446 1449
995 4807 4803 1435 1448
1015 4812 4812 1449 1450
3097 4815 4815 1451 1451
3086 3102 3103 1456 1454
3091 3106 3108 3109 1459
3094 3096 3097 3109 2800
3099 3100 3101 3106 2796
2683 2686 3105 2797 2793
2681 2682 2685 2793 2792
2680 2683 2793 2789 2791
2678 2682 2789 2788 2787
2675 2681 2786 2785 2784
2671 2680 2683 2802 2801
2669 2677 2678 2680 2803
2684 2682 687 691 2806
2687 685 682 687 692
683 679 677 667 668
688 677 658 662 664
680 676 673 665 1654
1672 1671 1666 1666 1646
1676 1663 1661 1658 1656
3913 3914 3910 3907 1659
3911 3910 3911 3906 3909
3909 3908 3904 3895 3904
3913 3911 3908 3905 3905
3677 3672 3668 3669 3909
3987 3669 3664 3669 3658
3984 3664 3647 3655 3657
3976 3980 3659 3935 3939
3986 3984 3926 3931 3934
3928 3920 3923 3927 3931
3927 3915 3922 3924 3928
3168 3917 3927 3930 3941
3164 3169 3931 3935 3937
3161 3162 3171 3172 3176
3164 3165 3166 3170 3171
3168 3167 3171 3174 3175
3171 3169 3172 3177 3182
32 11
3658 3655 3650 3648 3630 3642 3645 1887 1884 1904 1907
679 3660 3653 3647 3646 3643 3649 1892 1901 1907 1911
674 3663 3658 3662 3651 3645 3648 3651 1906 4952 4952
673 679 3663 3666 3652 3650 2480 2478 2469 4950 4935
671 676 678 3655 3654 2478 2475 2473 2468 2464 4942
670 669 667 3658 3657 684 2480 2473 2470 2455 2473
666 664 665 669 678 680 3780 3777 3776 3773 3787
662 660 663 669 674 677 3393 3391 3378 3788 498
661 658 665 666 671 672 675 3400 3398 3789 501
660 647 664 665 667 670 673 2213 3400 3790 505
672 667 1892 1056 669 2214 2212 2211 2215 3791 508
1899 1895 1885 1044 1056 2211 2207 2191 2206 2207 2223
723 721 716 1049 1050 1054 2206 2202 2205 2210 2218
709 704 701 711 4382 4372 4383 4388 2209 2212 2216
713 719 716 2072 4381 4367 4381 4386 4387 2214 2216
2084 2081 2077 2073 2906 2890 2904 4391 4394 2216 2220
1886 2080 2078 2077 2079 2901 2906 2909 2914 2217 2222
1885 1888 2079 2080 2081 2902 2909 2910 1701 2220 2224
1865 1875 2081 2084 2085 2904 2910 1700 1698 1701 1692
1880 1880 2083 2085 2090 2906 2908 1698 1696 1688 1691
3301 1885 2087 2086 2088 2092 2095 1672 1691 1686 1690
3296 2261 2265 2091 2095 2099 1671 1669 1686 1684 1689
3295 2259 2253 2257 2270 1670 1669 1665 1674 1679 1682
3290 3289 2261 2266 2269 2271 1664 1664 1671 1676 1680
3297 3287 3299 3610 1670 1663 1660 1659 1669 1672 1685
3300 3298 3303 3609 1667 1664 1659 1658 1657 1660 1661
3303 3301 3604 3601 3620 396 1660 1660 1672 1665 1670
3306 3305 3612 3611 394 381 395 4271 2298 2310 2315
542 546 551 3616 400 395 4276 4265 4285 2313 2316
533 542 543 406 402 397 398 4267 4286 2315 2319
552 555 559 409 405 401 401 4271 4287 2327 2322
556 558 562 411 407 403 405 4274 4291 4294 2324
4 3
4894 4295 4290
4889 4290 4288
4883 4282 4276
1177 1168 681
5 36
2632 2635 2631 2630 2626 4096 4095 4090 4086 4085 4071 4085 4546 4542 4531 4544 1919 1901 1917 1919 1033 1028 1023 1022 882 876 880 884 890 1234 1228 1223 1222 1221 1239 1249
2630 2633 2625 2628 2625 2627 2622 1538 1537 1536 1533 4089 4550 4544 4537 245 241 228 239 240 1027 1023 1019 1008 868 871 876 880 885 1230 1229 1226 1242 1239 1244 1245
2626 2626 2622 2624 2622 2623 2618 1537 1536 1532 1520 1521 4549 4545 4548 244 242 239 242 4280 4280 1028 1022 1020 884 872 879 884 885 1235 1230 1228 1247 1243 4101 4096
2623 2622 2621 2621 2620 2613 2614 2598 2612 1535 1533 1538 1540 4548 250 246 244 243 4283 4278 4276 4271 4266 4266 4260 4261 4262 886 890 1233 1232 107 4098 4097 4085 4092
2625 2622 2618 2617 2616 2612 2611 2591 2608 2609 1534 1542 1546 4553 252 249 249 245 4285 4280 4270 4268 4265 4261 4257 4245 4254 4259 4260 1234 107 105 104 103 87 97
20 12
3143 3150 3625 3620 3613 3615 3617 3618 3631 3632 3633 3635
3146 3155 3625 3622 3633 3617 3622 3623 3626 3629 3632 3636
3147 3695 3690 3686 3684 3688 3627 3625 3630 4288 4287 4289
3148 3672 3671 3669 3667 3681 2536 3627 4286 4286 4283 4287
3681 3680 3677 3672 3681 2538 2533 2534 4285 4284 4281 4283
3868 3681 3679 3675 3679 2532 2532 2536 4289 4278 4277 4292
3864 3871 3860 3866 2533 2529 2530 2532 2534 4291 4276 4287
3862 3851 3857 3862 3866 2534 2532 2536 2539 4295 4292 305
3863 3866 89 93 95 2537 2537 2538 2540 298 293 291
78 76 72 82 104 109 2540 2540 326 319 316 311
105 95 90 95 100 104 108 328 325 323 318 315
100 97 94 98 105 107 336 335 330 323 321 322
99 98 95 102 108 111 338 337 331 325 322 326
103 100 97 99 109 110 111 339 326 325 323 327
107 105 100 102 104 105 1590 1594 328 330 325 327
1581 1576 1579 1583 1581 1581 1587 1592 1596 1597 330 335
1579 1574 1574 1581 1577 1578 1583 1588 1591 1596 1600 338
1577 1572 1569 1577 1575 1577 1585 1583 1586 1599 1601 1599
1570 1567 1566 1553 1574 1575 1580 1581 1584 1587 1589 1594
1569 1565 1562 1552 1570 1573 1584 1583 1586 1588 1590 1595
1 10
0 1 2 3 4 5 6 7 8 7
23 1
4309
4304
2755
2751
2758
941
922
2031
1188
2345
2357
2507
2491
214
1048
2229
2241
2242
713
711
708
705
694
27 2
4691 4700
4696 4705
4714 4709
4714 4713
4719 4715
4719 4716
4721 4718
4724 4725
4728 4733
4731 4735
4735 4738
4743 4740
4746 4742
4749 4745
4751 4748
4752 4754
4754 4759
4758 4762
4760 4763
4762 4767
4767 4770
4770 4774
4775 4778
4776 4779
4779 4782
4783 4784
4785 4786
15 3
3807 3804 3812
3094 3807 3077
3089 3085 3072
3093 3090 183
220 183 180
213 221 183
230 459 185
454 441 461
4534 460 462
4533 4542 4543
4534 4538 1526
1599 1600 1525
1598 1526 1515
2710 1738 1532
1738 1721 1738
16 1
1208
1192
4955
4938
4953
4398
4403
338
346
232
1649
1637
3156
3170
3173
3174
1 3
1078 1072 235
2 7
3171 2025 3002 4813 1091 693 205
2914 796 3008 1317 1094 2287 4738
63 3
2888 2886 2891
2887 2883 2887
2886 2882 2884
2882 2881 2882
2877 2862 2876
2882 2871 2876
2876 2874 2879
2881 2878 2880
2885 2882 2886
1695 2883 1702
1692 1678 1699
1674 1675 1695
1689 1690 1691
1694 1693 1694
1699 1698 1696
1701 1702 1698
1706 1706 1707
1711 1709 1712
1712 1714 1718
1714 1717 1721
1719 1722 1722
3138 3141 3153
3137 3151 3151
3133 3146 3148
3130 3145 3143
3129 3133 3140
3124 3129 3138
3121 3127 3133
3119 3125 3128
3139 3141 3142
3142 3146 3154
3147 3149 3151
3151 3152 3152
3156 3157 3158
3159 3158 3162
3163 3161 3163
3166 3163 3166
3167 3167 3171
1375 1378 1379
1374 1375 1378
1372 1371 1374
1368 1370 1374
1364 1369 1369
1361 1366 1368
1360 1361 1364
1345 1359 1363
1360 1363 1364
1361 1367 1368
1363 1365 1372
1368 1367 1373
1374 1370 1372
1375 1371 1374
1376 1375 1376
1382 1378 1380
1386 1381 1382
1387 1382 1385
1391 1383 1386
1394 1387 1387
1395 1389 1388
1397 1391 1410
1398 1402 1407
1401 1407 1411
1420 1417 1416
53 1
4216
4213
4209
4189
4191
4194
4195
4197
1310
1307
1300
1305
2167
2156
2168
3652
3643
2394
3571
3576
782
766
767
2203
2198
2190
2197
2198
2202
2206
2845
2842
2840
2820
1611
1630
5005
5004
4993
5003
5008
5012
5013
5016
5021
5022
5023
5024
5025
5027
5029
5034
5037
30 2
2182 2183
2177 2180
2158 2178
2177 2182
2181 2182
2182 2184
2185 2188
2188 2191
2193 2192
842 2193
840 837
836 833
833 828
830 825
825 824
823 821
825 820
819 802
2952 2963
2947 2943
2949 2961
2953 2963
2956 2957
2957 2960
2959 2962
2963 2967
2526 2520
2525 2518
2520 2514
2534 2532
2 1
4453
644
1 8
2814 3041 2605 1554 1139 1134 1220 59
2 6
1583 1582 1570 4954 3868 1484
1592 1587 1583 4963 3869 1501
2 70
2671 2666 2663 2659 2658 2650 2670 352 2982 2966 2971 2013 1995 1998 2000 2001 2011 2014 2743 2740 2735 2730 2714 2715 2720 2723 4272 4258 4259 4262 4740 4738 2873 2878 336 257 238 239 1340 1346 1347 1350 1352 3270 3262 3271 3273 3274 3277 2742 2741 2737 2736 980 984 989 991 2744 2756 1847 1836 1852 2750 2748 2751 1610 1606 4650 4644 4648
2675 2669 2665 2660 2663 2653 1133 349 360 2980 2983 2017 2002 2001 2003 2006 2010 2013 2016 2741 2740 2725 2724 2720 2721 2724 4272 4270 4262 4737 4736 4724 2869 2876 332 328 325 1341 1333 1342 1345 1346 1350 3821 3809 2899 2901 3278 3281 2741 2737 2735 2724 965 978 994 2740 2736 2753 1847 1846 1850 2745 2738 2751 1606 1603 4637 4641 4646
5 5
7 14 0 24 15
9 8 16 22 21
0 15 30 15 0
24 20 15 15 13
18 7 0 6 23
3 31
4432 4436 3076 3070 3076 3075 3078 4481 4466 4483 1107 1102 1099 1087 1098 868 885 889 893 4699 4695 4690 4685 4698 4702 3239 3238 3241 3246 4390 4381
4431 4435 3073 3069 3065 3057 3063 2604 2584 2596 1107 1106 1103 1106 880 862 882 883 895 4693 4689 4685 4681 4679 4697 3236 3234 3242 3246 4393 4390
4411 4429 3076 3068 3066 3062 2249 2244 2231 2238 1112 1107 1108 1110 881 871 886 888 890 4694 4693 4690 4683 4695 4700 4705 3248 3246 3251 3256 4391
49 2
4585 4579
2674 2670
2657 2651
2659 2653
1537 1537
1525 1533
1541 1538
2572 2576
2556 2558
2574 2562
2577 2564
2580 2567
2585 2570
3113 3118
3109 3114
3098 3103
3100 3104
1131 3106
1126 1131
1115 1124
1135 1136
3967 3976
3954 3971
3139 3972
3130 3144
3135 3139
3498 3513
3490 3510
3022 3512
3015 3019
3035 3024
3030 3027
3033 3029
1452 3033
1447 1452
1444 1449
1441 1445
1427 1444
1445 1450
1449 1077
1074 1072
1075 1058
348 328
334 331
2716 2711
2705 2694
2226 2695
2220 2233
2228 2236
20 1
4163
3081
3094
3091
3105
634
2025
4476
2484
4432
3839
4511
4732
4714
1544
2629
2614
2628
1264
1244
7 1
675
670
668
663
672
2031
2051
5 5
1 2 3 4 5
2 9 3 9 6
3 3 0 8 7
4 9 8 9 8
5 6 7 8 9
2 73
2110 2103 2102 2103 2105 2110 2115 2120 2120 2126 2128 2135 2139 3174 3169 3167 3162 3160 3150 3149 3144 3141 3136 3135 3134 3130 3129 3138 3140 3143 3147 1543 1543 1523 1527 1529 2110 2112 2116 4296 4291 4289 4284 4286 2247 2249 2253 4932 4931 4934 649 648 664 674 677 680 682 684 687 148 144 142 137 133 134 137 138 4697 4692 4687 4669 4684 4690
2106 2101 2082 2087 2092 2095 2116 2117 2118 2123 2126 2130 2132 2136 3166 3162 3157 3155 3153 3152 3148 3143 3139 3146 3143 3142 3128 3133 3136 3137 1544 1542 1538 1537 2088 2104 2108 2113 2118 4297 4295 4293 4292 335 2227 2246 4932 4931 4926 4921 4395 665 667 670 674 676 678 681 683 145 141 139 134 131 132 135 140 4685 4684 4683 4681 4686 4689
2 1
2132
1776
3 44
4551 4548 4539 4541 4542 114 111 110 108 112 116 121 920 921 409 405 403 401 386 383 381 219 3183 1186 1185 1189 1193 811 805 808 813 3396 3395 3391 1165 1162 1161 1159 1154 1157 1159 1164 1165 1169
4554 4549 4550 4546 4547 117 116 108 105 99 99 922 917 920 408 404 400 396 395 388 369 215 3182 1191 1183 1203 815 795 804 805 809 3394 3390 3388 3387 1163 1158 1145 1149 1152 1154 1162 1166 1167
4556 4551 4552 4550 4550 115 110 105 104 88 96 909 903 919 923 408 398 395 392 387 386 223 3198 3200 1191 1196 802 800 809 814 819 3408 3407 3402 3386 3398 121 107 123 1155 1156 1161 1164 1165
9 4
1822 1820 1815 1800
441 438 434 1806
438 437 433 438
1453 1466 426 429
1451 1448 4465 433
1964 1016 4461 4478
4335 1033 1481 1496
4319 4338 1483 4691
4338 4681 4686 4690
21 11
1793 1789 1789 1786 1785 1790 1791 1795 1798 1809 1812
1788 1787 1785 1784 1780 1785 1787 1790 1793 1805 1807
1786 1784 1781 1779 1775 1781 1783 1792 1796 1800 1804
1786 1781 1777 1775 1771 1776 1778 1777 1783 1802 1809
1781 1777 1772 1770 1767 1771 1772 1774 1779 1781 1813
1780 1778 1773 1771 1754 1766 1770 1775 1776 1784 1789
1784 1775 1771 1759 1755 1758 1774 1776 1781 1783 1786
1772 1771 1766 1761 1757 3052 1779 1780 3069 3071 3074
1777 1772 1769 3057 3052 3050 3048 3061 3066 3068 3071
1777 1775 1772 3059 3053 3049 3045 3058 3063 3066 3069
1782 1780 1775 3057 3055 3050 3057 3060 3067 3071 3075
1786 1785 1777 3062 3059 3054 3062 3066 3067 3075 3079
1790 1788 1782 3334 3062 3055 3066 3070 3074 3075 3324
1793 3336 3331 3329 3325 3321 3317 3074 3314 3317 3320
3334 3332 3327 3325 3320 3317 3314 3316 3313 3314 3319
3333 3332 3330 3330 3324 3315 3312 3313 3311 3314 3315
3334 3327 3323 3321 3320 3316 3308 3305 3310 3311 3320
3331 3326 3321 3320 3316 3312 3307 3304 3306 3310 3315
3333 3328 3322 3305 3304 3304 3301 3300 4756 4757 4762
3336 3333 3305 3303 3299 3297 3300 3281 4744 4746 4749
3339 3306 3301 3299 3298 3294 3291 3289 4753 4748 4754
2 49
2844 2842 2838 2818 2828 2705 2709 2714 2718 2720 820 819 821 820 824 3576 3570 3943 3923 4776 4783 2382 2402 1902 1894 1901 1906 3296 3294 3289 3288 4819 4814 4797 2006 2010 597 580 582 3859 3841 3496 3506 2730 2723 692 679 694 695
2849 2845 2839 2837 2684 2704 2708 2715 2723 2726 830 810 816 818 3574 3572 3558 3572 3937 4789 4794 2397 2403 2405 1904 1905 1908 3301 3296 3284 3281 3298 4788 4785 4805 2365 2204 2195 2211 2216 3855 3501 3009 2997 2736 695 688 689 700
5 21
4246 4435 4417 1047 1059 1966 4510 4508 4491 4945 4922 4919 4916 4896 4899 3814 3775 3766 3771 2454 2455
4242 4231 2436 1057 1959 1961 1962 4942 4941 4926 1755 4921 3812 3795 3810 3812 3772 3769 3772 2449 2453
4244 809 2447 1966 1954 1965 1966 574 569 1757 1742 1746 3804 3803 3806 3810 3813 3771 2448 2444 2433
806 800 819 4198 1964 1966 1969 572 560 564 1751 1755 1801 3808 1807 1812 3817 1349 1344 1334 2453
815 810 4197 4195 4203 1969 1971 566 565 4371 4376 1801 1796 1794 1788 1794 1797 1343 1342 1330 1333
17 6
2691 2687 2686 2688 2693 2695
2685 2684 2683 2684 2678 2680
2687 2686 2682 2680 2675 2676
2703 2701 2686 2691 2674 2675
2700 2699 2696 2691 2688 2676
2703 2703 2700 2696 2693 2697
2706 3808 3806 2699 2697 2702
3809 3805 3803 3810 3803 3807
3806 3803 3800 3805 3798 3799
3805 3806 3797 3788 3797 3802
3802 3801 3796 3783 3795 3800
4174 3796 3791 3773 3791 3796
4170 4171 3795 3790 3796 3801
4156 4170 3797 3795 3799 3803
4159 4161 3799 3796 3804 3808
4162 4165 4175 3798 3806 3813
4163 4168 4171 4172 4173 4178
1 42
4419 4414 4409 4408 4404 4420 4423 4424 1894 1893 1889 1871 1886 1889 1894 1898 1901 1903 1906 3557 3554 3539 3556 3560 3563 3062 3060 3040 3054 3059 3062 3064 3065 1277 1272 1268 1263 1259 1246 1250 1252 1254
2 4
131 125 4403 4796
133 131 4415 4801
7 9
1098 1117 2286 2673 2668 4050 2109 60 63
3445 3448 2285 2290 2687 2095 2094 57 54
2624 2641 2281 3997 4005 772 44 37 51
2642 2289 2277 3989 4004 757 775 42 55
724 720 706 3997 4808 4790 4795 3635 3640
4356 4355 708 2934 1401 1385 1396 3645 3650
4354 4340 4359 2947 2951 1399 1400 1403 1406
35 9
287 289 2807 2810 410 400 407 408 412
282 2807 2804 2809 2812 414 410 411 3758
278 2820 2800 2805 2810 2815 2819 3749 3754
298 302 2819 2808 648 2819 3749 3748 3749
300 2560 2558 2548 634 641 92 3747 3744
2562 2559 2556 2544 2547 88 91 3745 3725
2565 336 334 314 1563 77 87 3741 3737
3111 3108 3105 3085 3090 88 91 3746 3738
3114 3110 3108 3105 3106 93 3750 3008 3006
3115 3112 3110 3109 3110 3741 3745 2994 2989
3119 3117 3115 3113 3744 3740 3744 3013 3009
3764 3763 3760 3758 3740 3739 3741 3746 3014
3765 3760 3756 3753 3750 3738 3752 3754 3018
3763 3761 3761 3754 3755 3756 4489 979 981
3771 3766 3762 4490 4485 4471 4488 959 967
3871 3767 3763 4488 4485 4484 4488 963 964
3866 3871 3920 4490 4489 4488 4491 965 965
3848 3858 3915 4627 4493 4920 4919 4923 4928
3852 3909 3912 4625 4626 4921 4918 4923 4923
3909 3905 3909 4622 4626 4918 4917 4917 4922
3903 3888 3903 4621 4631 4915 4912 4910 4918
3894 3892 3893 4633 4920 4919 4916 4926 4927
3896 3895 3896 4924 4920 4918 4917 2339 2356
3898 3896 906 903 895 4923 2358 2338 2355
3903 3900 900 883 892 896 2363 2355 2357
3906 4479 4484 884 894 896 2367 2365 2360
4480 4476 4479 4483 895 3646 3650 2368 1925
4477 4472 4473 363 3647 3644 3649 1924 1921
4467 4462 4475 361 364 3642 3644 3648 1939
4469 4466 369 359 362 3640 3644 3648 1941
4473 361 350 357 3641 3628 3637 3640 3641
376 371 367 362 367 3648 3652 3656 3661
378 3990 3986 3995 371 4004 4007 4011 4012
379 3978 3975 3994 3996 4000 4005 4007 4010
384 3984 3981 3997 4000 4003 4009 4014 4011
1 13
2720 2921 101 257 314 320 71 56 662 2584 2602 3981 1185
5 13
2000 2672 2668 2650 2665 4127 4135 3511 3507 3516 669 679 684
1999 2112 2108 2107 4066 4046 4511 4504 3517 3521 686 688 689
1983 1993 2672 2110 4399 4383 167 162 181 696 691 693 694
1988 2670 2654 2205 4394 4378 4394 167 169 628 627 629 630
1992 1617 1604 2203 2214 4394 1182 1190 632 627 611 624 626
2 31
2873 2872 2865 2870 4671 4666 4656 4660 4661 4672 2817 2812 2807 3583 3598 4515 3830 3823 3840 2199 2196 2070 2636 2620 198 1216 1231 3777 3778 3783 3785
2874 2869 2863 2866 4666 4661 4655 4661 4665 4668 4673 2822 2817 4060 4513 2163 2180 3830 3720 3723 2213 2086 2640 2623 201 1231 4533 3762 3777 3779 3781
2 19
643 659 672 3066 3069 3149 3144 3148 1193 4333 4331 4327 4313 463 467 259 270 271 274
661 665 652 3064 3082 3144 3127 1195 1186 1196 4335 559 551 480 3195 3203 3205 3209 275
100 100
113 112 110 109 82 79 79 77 71 84 81 82 78 76 70 66 64 64 67 54 51 48 49 46 44 39 35 34 35 36 40 46 48 53 55 59 67 69 74 73 76 54 51 46 44 39 38 33 29 27 22 19 16 1 6 7 8 11 15 45 50 62 68 69 70 75 80 75 80 85 89 94 99 104 76 70 66 62 59 58 59 53 50 46 42 37 34 34 38 42 34 42 38 40 46 47 28 38 37 29
115 110 106 107 80 77 77 74 69 81 79 77 76 73 70 69 62 63 66 70 51 46 44 41 38 35 34 31 35 41 47 42 44 49 50 51 64 68 66 69 71 66 51 48 42 37 35 34 33 28 25 23 18 11 11 12 10 16 48 43 47 60 63 64 68 71 71 70 76 83 85 90 101 105 74 73 70 64 59 55 54 49 48 44 40 35 32 30 33 38 33 38 34 37 42 43 25 28 32 28
105 102 101 102 77 75 74 70 68 65 62 58 80 76 68 64 61 62 67 38 53 49 46 42 39 35 32 28 38 36 42 39 43 47 52 56 61 64 63 65 66 62 60 56 52 53 38 39 38 28 27 32 22 14 15 20 27 31 36 41 44 56 59 69 72 70 68 69 74 79 84 85 104 73 72 67 66 67 63 61 56 54 52 49 34 31 30 26 31 33 31 35 31 36 44 48 22 25 30 25
102 97 96 92 73 72 71 69 68 65 58 57 54 57 58 54 59 62 64 34 31 29 47 37 35 28 31 26 33 35 39 36 37 47 51 52 58 59 61 62 59 58 57 55 50 48 44 42 38 34 30 33 27 15 19 22 26 31 35 38 41 52 53 56 58 69 67 72 75 82 83 86 74 73 69 66 65 54 50 49 45 43 42 37 34 31 30 25 26 30 26 30 27 32 37 39 21 21 19 20
103 97 92 89 85 85 71 66 64 63 61 56 51 52 56 53 55 58 63 31 26 26 42 39 33 24 26 24 31 28 30 34 39 42 47 48 53 55 58 63 62 61 60 60 51 53 48 44 39 39 32 33 31 32 24 23 30 32 36 41 46 51 52 57 57 68 65 69 73 79 84 67 72 69 71 64 61 58 55 53 51 46 44 39 35 30 25 20 24 21 21 29 26 23 10 14 17 17 18 19
106 93 89 86 84 82 78 65 64 60 57 52 49 48 53 48 50 55 56 32 25 25 40 36 31 21 25 22 27 26 29 32 36 40 44 55 58 61 64 67 67 62 62 63 54 57 47 43 41 42 37 38 32 29 32 34 44 42 44 45 51 54 51 52 53 57 63 68 69 74 77 66 68 68 71 68 63 62 60 57 61 47 34 29 27 24 20 15 21 19 20 31 23 19 5 13 14 13 14 18
107 109 102 89 97 77 73 70 69 59 55 54 51 47 44 43 48 38 41 29 21 23 38 35 30 20 18 20 23 25 30 35 38 46 49 54 59 63 63 67 81 66 64 68 65 60 48 45 43 44 38 33 29 27 28 28 33 37 33 34 54 51 46 51 53 55 59 63 65 67 72 63 64 67 71 83 79 82 83 62 64 49 37 20 16 14 13 12 1 14 16 26 21 17 1 8 10 11 12 15
109 103 101 98 96 95 72 69 68 67 57 55 54 46 44 42 36 33 36 24 16 22 20 22 25 22 17 15 14 16 22 34 38 43 48 51 54 57 60 75 76 78 68 65 62 59 50 46 48 45 42 33 30 26 25 24 28 34 30 31 35 42 43 46 51 54 62 67 69 68 65 61 63 65 80 82 78 83 84 80 68 33 30 29 24 20 18 14 12 17 20 23 22 20 18 9 13 16 21 19
101 100 98 93 92 90 89 85 64 63 62 57 38 35 39 38 35 31 22 20 15 19 18 21 24 27 9 0 11 16 20 33 37 39 49 56 59 61 65 70 73 80 65 63 61 57 55 55 52 42 34 31 28 28 23 19 21 24 25 28 33 40 42 44 51 53 59 61 62 66 65 60 62 67 78 78 73 74 82 79 80 40 35 31 31 26 21 16 16 21 25 30 26 30 31 36 38 18 20 54
106 103 102 93 91 86 81 80 78 57 53 51 49 34 33 31 29 29 20 19 14 1 17 18 23 24 9 7 11 15 17 31 36 37 40 58 62 63 66 75 76 79 62 57 56 55 54 50 49 41 31 28 26 25 18 17 16 20 24 28 30 36 39 45 49 51 54 55 57 61 63 58 59 63 74 73 69 73 76 78 83 39 37 35 34 29 19 17 21 24 30 29 27 28 35 37 40 44 47 52
110 107 103 96 86 82 77 75 77 70 54 48 45 42 39 33 28 25 23 22 19 11 19 21 23 25 15 11 14 20 25 26 30 32 58 61 68 64 69 76 81 83 86 64 60 57 52 49 44 39 30 28 25 21 16 13 12 15 18 27 28 33 35 40 44 45 49 52 54 58 63 57 60 61 63 71 66 69 74 77 79 82 40 39 37 26 25 21 24 42 35 30 32 32 39 39 43 48 51 56
94 92 88 84 83 82 77 72 66 65 49 47 44 43 38 33 32 29 26 27 24 12 23 22 23 24 25 13 25 22 27 28 31 52 57 59 68 67 68 72 74 72 67 63 59 57 46 44 39 34 31 30 26 25 17 8 1 19 24 26 27 30 31 43 46 48 49 50 52 55 58 56 61 62 58 62 64 66 72 75 76 76 71 64 55 55 45 44 41 39 37 32 33 35 42 40 48 49 50 58
91 90 87 85 83 70 68 67 65 61 56 52 46 44 43 38 36 34 34 33 29 15 20 23 25 25 29 30 27 25 28 33 48 51 54 59 70 69 70 73 74 67 62 57 56 55 52 48 41 38 35 35 18 13 12 8 6 8 10 30 29 34 36 47 48 51 54 51 55 56 58 53 56 58 56 58 61 65 69 74 74 72 66 59 54 53 50 45 41 39 38 37 35 36 47 41 57 52 54 56
88 86 85 84 80 78 73 69 66 64 59 56 48 48 46 42 38 36 39 36 30 16 23 25 32 27 30 35 30 26 31 34 44 48 49 57 58 70 71 74 75 74 69 65 60 56 53 50 46 42 38 42 22 21 16 12 10 14 18 34 33 35 41 50 49 54 56 63 57 60 56 52 55 56 51 55 59 63 66 70 70 69 65 60 55 57 53 48 43 47 42 46 37 39 50 44 61 57 60 65
95 93 88 87 84 78 77 74 70 69 67 57 54 50 47 45 41 42 46 41 45 18 27 26 35 28 33 36 32 29 32 35 40 43 51 56 59 63 65 68 90 76 73 70 65 59 50 49 48 45 43 21 20 19 15 13 15 19 19 20 25 27 38 42 45 56 55 58 62 59 54 50 53 49 50 50 58 62 63 81 76 73 70 61 60 59 57 51 46 49 47 52 39 42 45 49 62 60 63 64
98 97 94 92 97 81 80 70 69 68 65 61 58 51 53 49 44 44 43 42 48 49 50 55 37 30 45 41 36 34 38 39 43 44 49 54 57 68 69 78 85 90 71 66 64 63 60 58 52 48 51 24 27 22 18 15 28 27 24 25 28 33 35 40 55 52 50 55 44 57 48 46 49 48 46 48 55 59 88 84 80 77 72 62 61 56 52 51 50 55 52 48 44 46 49 59 60 61 65 68
101 97 93 97 90 86 82 84 74 71 67 61 60 61 54 52 47 48 47 45 53 52 51 56 54 50 47 46 39 35 39 40 45 46 47 55 59 64 67 76 81 85 73 69 63 62 58 54 52 49 51 38 27 25 25 20 31 30 26 29 30 34 38 43 53 50 49 38 40 54 49 45 50 41 44 48 52 57 65 67 85 80 81 74 65 63 54 53 52 60 51 50 48 51 52 54 55 63 69 74
99 96 92 91 86 83 80 79 75 72 72 62 61 62 59 56 50 53 48 50 55 54 56 58 57 53 50 49 42 37 41 44 49 50 61 56 58 68 71 75 77 87 71 70 66 65 61 58 53 50 35 33 31 29 31 40 38 33 31 35 36 39 44 46 51 46 45 37 39 42 44 40 37 40 42 43 54 57 60 64 69 85 88 70 66 61 59 56 75 59 58 54 56 60 56 56 60 63 66 68
104 100 96 95 90 86 81 84 76 76 73 70 63 61 58 57 55 56 61 51 62 57 58 64 60 58 54 50 44 41 44 47 51 52 60 58 61 65 70 72 74 89 82 79 77 75 71 60 58 61 63 38 34 32 56 45 39 37 35 36 39 41 42 53 46 44 41 33 35 30 40 39 35 38 40 42 30 33 61 64 68 71 92 68 66 63 80 75 71 68 63 56 57 60 63 59 62 65 67 70
102 99 99 99 94 89 87 78 77 81 71 68 70 69 64 60 58 57 64 54 63 59 69 68 65 69 59 61 43 42 47 52 71 66 66 62 65 70 71 76 79 85 87 76 75 72 70 66 63 68 71 76 61 58 55 44 40 38 39 58 54 51 48 48 41 40 36 31 30 28 26 32 33 37 39 27 29 29 32 66 49 49 51 66 61 65 83 79 75 73 67 59 58 61 66 68 64 66 67 71
99 96 95 93 93 88 84 81 78 79 69 66 69 70 68 64 60 61 84 83 80 76 71 69 68 71 62 64 50 45 46 48 52 61 63 63 70 74 73 80 87 83 82 78 76 75 71 69 65 70 75 79 58 53 51 46 41 41 35 40 53 50 47 44 42 41 39 35 32 29 25 29 32 15 20 25 26 27 32 34 48 45 49 53 58 60 61 80 76 74 72 64 61 65 70 73 77 96 101 99
96 92 91 92 94 89 87 82 81 67 64 63 68 71 75 65 63 68 71 87 84 78 76 70 72 76 68 67 49 46 49 54 56 59 64 66 80 78 80 91 86 84 83 80 77 80 74 74 69 70 63 63 56 53 55 44 39 42 34 38 41 32 28 45 50 45 39 36 32 25 24 28 30 13 17 18 30 31 39 39 41 43 48 63 56 60 66 81 78 78 75 68 66 68 73 77 82 92 96 97
92 90 89 87 88 82 81 84 63 62 61 60 55 47 54 56 64 71 90 89 84 80 78 72 75 78 70 68 60 57 53 57 60 63 66 79 82 80 83 84 88 85 85 83 81 85 76 72 67 65 60 59 55 51 47 42 38 37 33 35 24 28 24 35 33 42 38 33 31 25 20 20 11 11 16 18 23 25 37 37 39 42 46 60 55 58 63 64 83 77 73 72 68 69 78 80 85 91 92 94
93 88 86 86 78 77 79 82 86 60 56 55 50 46 50 57 63 63 95 94 88 84 68 82 79 81 75 68 64 62 55 68 65 67 72 77 88 85 87 91 91 93 93 90 86 77 72 66 62 61 59 57 53 48 46 45 34 29 28 24 22 26 23 34 30 38 34 30 26 22 19 18 1 10 11 16 21 23 36 35 36 40 47 57 54 59 62 67 78 77 76 73 71 74 79 81 85 87 91 93
89 87 84 81 76 72 77 79 83 85 53 51 50 45 50 53 58 62 65 72 70 68 64 82 81 83 86 71 67 65 67 69 67 69 74 78 90 90 90 92 95 98 94 85 74 70 69 65 60 57 52 53 51 51 44 41 45 30 25 22 18 22 21 31 26 25 20 18 20 24 23 20 6 15 18 19 15 21 34 31 33 38 43 48 49 54 59 62 66 81 80 79 75 77 83 86 89 90 93 94
94 90 77 76 72 71 73 75 80 43 57 52 44 42 47 49 54 65 50 55 65 63 61 63 71 69 74 73 72 69 73 74 77 72 78 81 93 92 95 95 98 85 82 80 83 76 75 70 57 56 51 50 48 47 43 37 33 26 24 21 14 15 20 22 25 20 18 17 15 10 12 14 19 20 16 15 14 20 22 27 32 35 47 45 47 58 56 59 61 70 82 81 79 81 85 94 93 93 94 97
97 90 76 75 73 69 68 71 50 42 38 48 43 38 40 42 51 46 46 50 55 62 59 64 68 68 69 76 76 73 74 79 84 86 82 98 95 97 99 94 86 81 80 77 76 73 67 65 63 58 53 54 48 44 39 34 28 26 21 19 10 13 23 30 26 22 21 16 13 8 9 13 18 18 16 12 12 17 21 24 26 38 45 44 48 53 55 60 62 67 70 86 81 82 86 87 96 98 98 99
94 89 76 73 72 68 64 50 45 40 37 34 29 34 38 43 47 45 44 49 52 50 57 59 63 63 66 71 77 81 78 81 84 86 108 103 99 96 91 90 79 77 76 73 71 70 69 66 67 61 49 45 42 40 35 30 27 24 21 17 0 17 19 22 31 12 9 7 6 3 8 9 13 17 15 10 9 12 25 23 28 33 36 40 44 48 57 62 64 69 71 76 86 86 88 88 100 100 102 107
85 84 77 72 70 64 61 58 43 38 34 30 26 30 35 49 44 40 41 43 43 47 52 54 62 62 67 69 70 73 79 84 89 93 97 105 100 95 90 87 85 84 81 76 74 72 73 69 66 62 54 49 46 44 39 34 32 29 25 22 13 16 26 29 31 17 13 4 2 1 21 11 13 17 9 7 5 16 20 19 24 32 31 35 36 39 45 51 52 62 65 69 91 88 93 105 104 104 106 108
80 79 74 71 66 61 59 53 48 49 52 27 21 18 22 44 40 36 41 45 41 43 45 54 57 58 62 66 69 72 73 78 94 97 100 105 104 99 95 92 86 85 82 78 76 76 73 71 70 65 58 53 50 47 42 39 38 33 31 26 15 18 22 25 30 32 16 19 17 16 17 14 15 17 6 5 3 13 16 15 20 22 26 31 34 38 44 47 50 59 63 58 94 93 97 110 107 96 114 113
87 84 79 72 70 60 55 50 45 46 48 25 20 17 18 34 29 33 38 39 38 39 41 50 53 54 59 62 64 72 77 77 82 83 105 116 114 106 106 102 112 88 91 86 82 80 77 73 71 75 75 55 50 49 46 45 43 37 33 31 18 22 24 27 31 29 28 23 18 19 20 16 17 18 10 9 0 10 11 14 15 19 24 28 33 39 41 42 52 54 59 55 62 78 99 93 91 93 98 116
68 67 63 58 52 51 47 48 43 42 41 25 20 16 14 30 28 30 34 35 36 38 40 45 48 49 54 57 69 71 73 75 77 82 104 112 112 105 105 99 107 108 94 91 83 81 84 79 77 74 70 66 63 51 49 47 45 39 36 35 19 27 28 36 35 30 29 26 23 26 20 18 22 19 16 12 1 11 15 18 18 24 28 30 34 36 37 42 47 48 50 54 57 76 82 91 88 91 99 100
72 73 72 53 51 47 46 44 42 39 39 41 18 14 12 19 23 28 31 32 35 40 45 56 52 52 57 60 65 67 71 76 100 100 100 107 109 103 101 98 102 106 98 90 87 83 88 84 81 78 74 62 59 56 53 49 46 42 41 43 46 31 33 44 39 35 33 31 34 30 32 33 21 20 15 13 20 15 18 19 22 27 32 33 36 39 43 45 47 52 55 56 69 73 77 80 84 89 94 98
68 66 67 62 63 51 41 40 41 37 35 32 35 14 10 17 20 23 35 42 36 48 51 53 54 55 60 63 71 73 75 78 95 95 98 104 99 98 100 96 97 99 94 92 89 99 89 87 84 83 88 67 62 60 55 52 49 44 43 46 47 52 49 44 40 36 36 34 37 34 21 32 34 23 20 14 21 16 18 20 24 28 32 37 40 41 45 49 51 57 78 78 68 70 72 78 81 83 96 101
65 64 62 61 59 53 40 39 36 34 32 27 31 12 9 14 16 21 36 41 44 45 46 54 55 58 60 65 70 70 72 87 90 94 99 102 101 97 94 93 98 104 102 97 101 98 94 90 87 87 73 70 68 63 58 57 54 46 46 50 49 52 51 47 43 40 41 44 48 21 19 30 23 26 30 17 24 19 23 21 24 27 31 33 45 49 47 48 56 77 74 76 67 71 78 75 76 79 61 63
70 67 62 57 55 51 44 41 38 35 24 23 11 10 8 9 10 11 35 39 43 44 45 47 49 51 55 60 64 68 69 85 88 90 90 98 98 95 92 91 94 99 98 103 102 99 96 94 81 80 75 71 69 62 61 58 57 49 60 56 54 59 56 52 49 44 43 44 36 15 14 26 22 22 25 26 29 33 35 26 28 30 33 38 46 49 52 54 58 70 69 62 62 66 68 71 72 73 57 61
74 70 56 54 53 48 45 42 37 24 23 19 15 10 1 21 26 30 32 33 34 39 41 42 53 53 57 59 63 67 69 82 85 88 87 97 96 91 87 88 92 94 97 99 102 100 95 97 98 84 80 73 70 68 63 64 54 52 62 60 56 60 49 45 41 40 38 38 32 13 9 15 17 20 24 26 30 32 39 30 32 31 38 43 51 55 56 67 73 71 66 61 59 63 66 67 69 71 54 47
71 66 57 56 54 45 42 37 36 33 28 24 17 12 2 24 27 32 37 36 38 43 48 50 51 52 62 61 88 72 76 77 83 89 85 94 91 87 86 83 87 88 99 100 97 93 92 95 100 104 84 74 73 69 67 68 62 61 56 55 50 47 46 42 40 36 37 33 31 11 7 1 15 16 24 23 29 29 30 31 32 33 41 44 49 52 56 64 73 68 64 59 58 61 70 71 73 50 49 44
65 62 59 57 58 42 41 40 39 38 31 28 32 17 3 4 32 34 39 39 40 47 52 56 61 79 75 82 83 81 72 73 78 81 84 89 87 83 81 79 84 89 94 98 86 92 89 93 104 107 79 78 76 73 77 82 63 60 56 51 47 44 41 37 35 34 33 29 27 23 22 20 16 17 20 22 24 25 26 34 39 34 43 49 53 56 65 60 59 66 61 58 53 56 53 73 34 29 45 41
67 63 61 58 52 47 44 41 44 35 34 35 39 44 48 52 42 38 43 43 46 49 54 57 59 62 74 79 78 76 71 72 81 82 80 77 80 81 79 77 82 82 86 87 84 79 86 87 89 92 83 79 80 77 82 84 67 62 58 55 52 45 44 40 37 40 29 28 27 24 25 18 17 19 21 24 26 29 30 31 35 38 42 68 70 67 64 59 57 52 54 54 50 45 50 51 32 27 40 36
68 64 67 56 54 51 48 51 48 41 36 41 43 48 53 55 48 43 48 48 50 54 56 58 59 69 72 77 82 71 70 75 78 78 75 73 78 83 75 74 79 80 82 85 80 78 81 84 89 96 94 85 81 78 86 89 72 67 63 56 54 56 46 49 37 36 34 31 32 28 27 26 22 21 22 26 31 35 36 38 51 54 56 63 65 56 51 54 53 50 49 46 45 43 47 44 46 24 38 33
72 65 69 59 56 67 62 51 49 53 39 44 56 53 57 65 70 45 48 49 54 55 62 60 63 64 66 67 73 68 67 70 67 72 76 71 76 81 65 69 74 82 90 89 78 77 87 83 87 91 89 93 105 102 106 104 68 67 65 62 57 49 47 52 42 41 36 36 33 32 33 29 24 26 27 27 31 33 36 50 50 53 55 60 61 51 50 49 43 46 43 47 37 38 34 39 42 20 21 30
73 75 72 63 62 61 59 54 51 55 43 48 62 57 59 64 68 48 50 54 57 62 68 64 67 63 65 69 69 68 64 62 66 71 76 70 69 67 63 68 72 80 84 82 77 73 78 81 85 87 88 90 89 97 101 103 72 70 66 65 60 52 49 50 47 42 39 36 34 33 36 32 27 30 32 37 41 43 45 46 49 53 62 64 68 50 49 45 42 45 42 37 32 35 33 34 33 17 19 27
81 79 76 71 66 62 64 57 52 60 44 52 64 60 63 67 70 75 53 54 61 62 63 65 63 60 65 54 55 57 59 58 63 67 72 69 67 66 62 64 71 76 79 79 74 72 76 79 80 83 88 86 88 93 94 99 98 72 69 67 64 66 54 51 54 45 43 39 38 37 40 36 28 33 34 42 43 44 47 48 50 55 60 61 65 70 48 44 41 40 37 35 31 34 29 26 28 13 18 22
78 76 80 77 76 69 59 56 54 58 76 72 69 65 67 70 73 75 54 57 64 67 69 63 62 57 51 51 50 52 55 56 58 68 71 67 66 64 60 61 66 68 46 75 75 69 66 71 77 80 79 82 83 88 91 95 96 100 73 72 67 66 63 62 51 49 48 41 44 40 41 36 32 34 36 45 45 48 50 55 54 59 64 66 68 69 66 45 44 44 39 31 28 31 28 23 25 12 17 18
75 74 73 72 71 67 67 62 57 78 76 75 74 68 70 76 74 76 77 79 81 69 63 60 59 54 50 47 45 50 54 57 61 48 48 70 69 60 59 60 62 66 45 74 71 67 64 69 73 78 77 80 85 87 90 47 101 54 74 73 72 61 60 58 56 51 49 46 50 44 42 39 36 38 41 50 48 53 53 58 59 63 68 76 68 66 63 65 46 45 42 26 25 17 12 19 5 10 14 18
79 77 80 76 71 66 65 63 59 62 81 79 81 72 76 81 76 78 80 82 83 87 88 60 56 59 52 48 43 46 48 53 54 45 44 46 60 57 55 59 67 41 40 41 70 64 62 66 71 65 72 69 71 76 47 42 47 49 70 69 67 65 60 61 57 56 51 47 48 51 51 40 38 40 44 54 61 57 58 62 63 66 76 71 69 67 62 41 38 36 35 29 24 12 10 0 2 5 7 12
80 78 84 79 74 69 68 67 63 64 86 84 89 76 80 81 85 83 81 82 86 91 61 58 54 52 49 46 41 44 45 37 37 41 42 61 58 55 52 48 44 40 36 37 69 64 60 62 64 64 69 68 69 81 83 38 40 35 67 62 60 59 57 52 61 60 52 51 53 48 46 44 43 45 46 47 49 59 62 63 71 67 79 74 70 63 58 36 33 31 30 25 20 15 11 16 19 9 10 16
78 73 72 66 79 74 64 59 63 93 92 89 90 81 83 89 87 88 84 86 90 54 49 62 56 52 47 42 37 42 38 35 34 36 39 56 55 54 49 46 43 37 32 34 66 63 58 57 51 60 62 67 74 77 82 37 35 34 32 64 61 56 54 51 55 54 57 60 56 53 47 45 48 47 47 52 54 55 64 68 73 70 75 73 71 60 56 31 30 29 28 25 23 19 13 18 21 25 20 18
76 71 67 64 69 78 56 54 53 38 31 93 95 99 101 93 89 91 89 87 91 47 46 49 39 53 48 40 35 33 36 31 32 37 39 60 64 59 47 43 38 35 31 34 38 67 58 54 50 59 61 66 70 72 74 33 30 32 31 36 39 57 52 48 50 52 60 64 66 57 51 48 53 54 48 54 59 56 65 73 76 71 77 72 69 52 51 48 43 34 29 31 27 21 18 20 25 30 31 22
69 64 64 59 63 79 56 51 52 33 29 31 100 103 105 36 93 94 94 90 52 49 44 41 37 40 38 34 32 30 34 30 35 33 35 37 69 64 45 44 42 31 26 30 33 46 45 44 47 55 56 67 71 74 75 29 28 31 29 34 38 42 39 47 48 51 56 58 71 59 55 50 58 55 52 55 61 57 80 74 70 69 65 67 65 53 50 45 41 37 32 32 30 21 20 21 25 27 31 25
63 62 61 54 57 51 50 46 51 29 28 30 34 30 29 34 38 42 46 48 48 43 41 38 34 37 28 30 29 28 32 26 29 32 35 36 38 37 34 32 34 24 21 24 28 34 36 41 45 50 53 57 64 78 40 31 26 26 28 32 36 38 37 44 48 53 61 65 66 68 60 62 62 69 57 62 65 80 75 72 69 67 60 63 61 57 54 49 37 36 34 33 32 27 24 29 30 32 34 38
62 60 56 53 53 48 49 44 43 27 26 25 26 27 28 29 30 47 44 45 42 36 33 35 32 27 24 18 27 23 28 23 26 33 35 37 33 32 30 29 24 22 19 21 26 30 34 38 42 47 54 61 62 63 37 32 25 24 25 37 35 28 35 39 43 45 47 50 54 55 59 61 63 67 68 75 80 77 72 70 65 63 59 56 55 54 50 44 42 37 35 35 31 28 26 34 35 33 36 37
61 59 55 51 51 47 46 42 38 39 25 22 27 35 38 33 40 45 41 38 37 35 31 30 30 27 22 17 14 21 24 22 26 30 34 36 40 35 31 27 22 21 16 20 22 33 37 39 44 49 54 56 58 62 34 31 26 23 37 36 32 27 31 36 28 48 48 44 45 47 54 58 61 66 69 73 78 81 75 67 63 60 57 54 52 49 48 46 43 42 43 38 33 33 31 36 41 46 39 42
70 53 51 50 48 45 41 37 36 29 16 20 23 30 35 33 35 37 44 39 33 32 30 27 26 18 14 13 12 18 20 20 24 23 27 28 42 35 30 27 22 19 14 15 19 28 28 31 48 51 54 61 65 70 31 28 25 21 17 15 26 22 22 25 26 28 43 41 41 45 49 56 58 61 65 78 83 87 74 69 66 64 59 55 57 55 52 49 44 45 48 40 38 41 35 40 46 49 53 60
68 68 64 55 48 44 39 34 31 27 13 15 23 27 28 31 33 35 37 36 32 30 29 25 24 22 18 15 0 14 17 18 19 22 27 32 37 29 26 24 19 17 12 16 21 26 27 28 30 55 59 62 64 29 27 25 20 16 14 12 11 21 19 22 23 36 34 40 39 42 46 51 56 61 61 66 68 72 78 78 73 69 67 64 62 58 54 56 65 67 49 47 43 43 44 41 50 54 56 58
67 64 61 52 51 47 43 29 28 23 10 11 19 22 27 28 29 31 55 53 36 32 28 27 10 6 5 3 2 18 22 20 21 27 29 34 39 32 20 17 14 13 1 14 26 30 33 33 41 57 60 65 65 25 22 18 15 13 11 7 10 11 17 18 20 31 32 36 37 39 41 49 50 58 59 62 66 69 70 73 78 74 69 76 68 63 58 61 63 68 73 51 46 49 54 43 53 55 61 64
65 61 60 58 55 51 27 25 22 21 8 9 14 18 29 27 28 33 37 52 40 36 38 28 9 7 9 6 4 23 28 30 24 27 29 38 41 22 20 18 17 14 9 11 27 28 30 33 36 41 61 66 23 21 17 15 11 10 7 5 7 7 12 18 23 26 30 31 41 40 42 45 48 53 56 58 59 64 72 75 84 82 77 74 70 66 62 66 67 70 53 51 48 53 54 55 58 70 65 68
67 64 64 62 38 34 26 23 20 18 0 1 16 18 19 24 28 31 52 47 42 39 22 18 14 11 12 10 8 26 30 35 37 42 44 57 61 27 23 25 21 16 14 18 28 31 31 33 37 39 64 68 70 24 21 19 14 7 6 4 2 1 9 13 18 22 25 30 35 41 44 47 53 56 57 61 62 98 96 92 101 84 90 78 75 67 68 67 70 71 56 55 53 55 59 57 60 63 70 69
45 43 38 35 33 31 28 26 21 10 8 10 11 19 23 27 37 38 39 48 45 44 22 19 15 15 17 14 11 12 33 37 40 49 50 52 53 33 31 30 24 19 18 22 25 35 32 34 35 44 67 70 30 28 23 20 16 14 11 6 3 21 11 12 17 19 21 23 24 46 45 48 52 61 63 66 88 97 94 91 96 90 88 84 79 80 84 69 71 73 61 60 58 58 64 63 62 65 73 71
46 40 36 35 34 35 32 27 31 29 10 14 15 16 18 26 32 36 35 43 28 27 26 23 21 16 34 18 13 15 37 41 44 45 47 57 50 56 30 29 25 23 22 27 29 40 37 38 41 51 54 56 56 25 24 21 20 18 13 7 6 14 12 14 21 25 24 25 28 33 35 49 53 64 67 68 83 89 90 86 92 97 92 87 84 87 88 93 79 74 69 65 61 63 81 65 63 66 76 73
42 41 38 40 42 39 36 32 28 25 20 15 18 18 23 25 27 32 34 38 39 29 29 42 39 34 31 25 16 19 23 44 47 50 46 41 49 52 54 29 28 27 26 27 32 42 40 39 44 46 50 51 53 54 27 23 25 21 29 24 23 19 14 16 24 25 27 28 30 36 38 42 54 66 70 72 82 86 87 84 88 74 95 90 88 89 89 91 80 78 68 66 71 76 77 78 80 68 76 74
56 52 51 47 49 41 37 35 29 29 24 18 43 22 27 30 29 34 35 40 45 48 30 36 35 33 29 24 21 20 23 49 48 43 42 40 44 48 56 60 32 34 29 28 36 43 44 44 45 48 52 53 58 59 30 35 40 35 34 30 25 21 33 32 29 31 29 33 37 40 42 47 56 80 75 79 81 82 80 81 83 73 78 92 89 91 93 97 126 83 73 71 73 77 81 82 89 85 80 78
65 54 50 46 45 43 40 41 36 31 26 30 40 43 47 31 30 33 36 42 50 51 35 40 39 35 32 25 29 24 27 54 51 44 32 37 40 48 52 57 60 37 33 38 38 40 61 58 54 50 59 56 57 62 33 40 39 37 36 35 28 25 38 35 33 34 39 35 46 41 45 49 88 83 79 80 85 83 79 83 80 71 75 81 82 83 85 90 122 119 75 72 78 80 90 91 93 88 83 82
60 56 51 51 50 48 45 51 35 33 31 34 39 40 41 34 31 36 40 53 52 77 39 46 42 41 39 37 33 29 34 38 54 34 31 36 40 45 50 54 64 39 35 54 43 62 64 63 58 55 60 59 59 63 68 42 41 41 40 36 30 29 42 37 37 39 43 44 45 47 46 47 82 79 85 83 80 80 77 74 75 70 72 79 78 79 84 87 120 116 108 86 81 83 86 87 90 107 88 86
61 59 52 56 52 55 53 48 43 36 32 35 42 47 50 38 39 37 77 74 71 74 78 53 48 44 43 41 39 35 33 37 25 22 29 30 33 34 52 56 69 42 44 52 54 59 67 66 61 57 62 62 61 64 69 74 46 42 41 46 50 59 52 42 39 44 47 50 51 52 47 48 79 78 80 79 78 76 72 69 67 66 70 71 73 77 84 87 90 111 106 107 86 84 90 89 97 105 101 106
63 62 56 58 63 57 55 41 38 37 35 39 47 54 58 41 41 74 73 72 66 67 81 55 46 45 39 35 32 31 28 25 23 21 26 29 34 31 38 40 43 38 43 47 49 52 69 68 65 62 70 66 64 69 73 78 48 47 42 50 53 57 48 45 43 48 52 56 52 57 51 52 78 74 79 79 77 73 73 68 63 61 67 69 72 76 79 84 88 105 103 102 98 101 95 90 94 95 97 102
64 64 58 60 59 58 46 44 43 38 38 42 47 51 55 62 67 76 73 68 62 62 59 52 44 40 36 34 31 26 23 23 18 16 20 23 25 28 34 35 34 37 41 44 49 52 52 70 70 69 67 66 65 68 69 82 52 48 43 55 58 61 51 46 44 46 56 58 57 60 65 76 74 69 79 75 73 68 64 57 55 58 62 64 68 69 70 74 58 60 99 97 95 97 94 88 91 96 96 99
66 69 61 63 70 63 59 47 46 41 45 43 52 56 58 59 62 72 68 64 61 58 57 50 46 44 45 41 36 22 20 18 16 11 15 18 21 24 29 30 31 35 36 50 46 50 51 56 58 70 69 69 66 67 68 72 50 48 45 59 62 64 66 49 46 48 51 53 57 61 62 65 72 67 64 55 54 63 61 55 50 55 60 62 65 71 72 59 53 57 99 98 93 88 89 84 89 94 92 97
69 70 62 69 65 61 57 53 48 43 45 60 57 61 62 60 72 77 71 61 56 55 53 49 44 43 41 36 36 18 17 15 1 8 10 15 18 27 34 25 29 28 33 47 45 49 54 56 61 65 66 71 78 68 70 85 50 48 46 61 66 65 66 52 47 50 56 55 62 64 72 68 67 64 59 54 49 59 58 54 48 52 55 59 64 65 59 54 50 55 56 93 88 84 88 79 82 85 89 93
71 76 63 60 69 64 60 53 50 46 49 50 65 63 68 67 70 71 75 62 61 56 54 54 48 48 38 33 31 26 21 20 6 11 15 19 21 32 27 24 28 27 32 33 40 44 47 51 60 62 63 68 75 78 80 84 85 49 47 48 68 72 77 85 50 53 57 58 75 70 67 66 63 61 57 52 48 47 50 49 46 48 52 54 32 45 43 45 48 52 55 59 83 80 75 75 76 84 82 96
74 61 56 56 51 58 57 56 53 51 52 57 68 66 71 64 70 72 79 66 65 61 51 50 48 45 40 35 34 28 22 21 17 15 20 20 27 26 22 21 24 26 30 35 36 37 40 41 56 58 60 64 71 71 76 81 83 85 51 55 73 76 77 84 80 76 70 80 75 68 66 62 60 64 53 46 46 45 40 41 41 43 36 29 31 33 39 43 44 49 52 75 72 77 74 74 79 80 81 88
58 56 54 51 48 49 48 44 58 54 53 78 73 69 64 63 65 70 75 68 67 60 56 52 49 50 41 36 39 29 25 23 26 20 21 23 32 30 20 16 20 22 27 30 32 35 38 53 55 60 61 68 70 68 71 72 87 58 53 83 78 82 85 79 76 71 68 76 72 68 64 59 58 62 48 45 49 41 38 36 39 41 33 28 29 32 34 36 48 61 49 72 69 71 69 73 76 74 76 86
61 51 50 49 44 48 40 39 41 43 46 43 69 65 60 59 59 73 77 67 66 61 57 58 51 46 45 40 44 27 26 24 27 24 22 16 11 9 7 12 16 21 24 29 32 35 49 51 54 55 59 65 68 67 69 70 72 75 54 84 82 85 89 81 68 66 65 63 68 64 63 58 55 45 44 43 48 51 36 31 25 25 30 27 32 36 40 42 61 58 47 68 65 70 65 64 68 71 76 81
56 49 46 44 43 46 40 37 39 40 37 41 44 41 58 57 54 56 52 72 64 60 59 62 53 51 46 45 46 28 27 28 29 31 25 13 10 6 2 0 16 20 22 33 38 41 44 46 49 56 59 61 64 66 67 68 69 73 77 92 87 93 94 86 90 86 64 60 64 60 58 54 50 46 41 40 44 44 29 26 24 23 26 25 28 32 34 38 56 53 46 62 61 62 60 63 67 70 71 76
53 52 46 47 42 37 37 33 38 37 33 36 39 40 45 54 50 45 48 50 67 65 60 64 57 56 50 48 49 33 32 36 38 37 30 12 8 5 4 3 18 23 24 36 40 43 45 47 50 60 62 64 69 67 69 72 73 74 77 92 89 89 92 90 87 83 77 57 60 57 52 50 49 45 43 39 39 42 14 18 23 20 17 20 25 28 32 28 25 49 45 60 58 55 56 58 69 36 34 38
49 47 44 41 37 32 28 32 31 28 30 32 35 36 42 50 45 43 46 50 64 63 61 62 67 60 53 52 37 36 36 39 43 35 31 15 13 10 5 9 12 25 42 41 42 45 50 51 53 68 67 71 84 69 74 73 75 80 88 91 87 88 86 87 81 78 74 56 54 52 50 46 52 47 38 37 35 37 11 16 21 17 14 18 18 18 20 23 24 49 44 47 54 51 54 58 34 33 33 35
48 44 39 37 35 29 26 28 28 27 26 29 34 42 37 45 40 41 43 48 59 62 63 66 66 63 49 45 42 41 37 41 42 30 26 27 23 14 9 12 17 26 44 43 43 48 55 52 57 74 70 72 83 88 84 79 76 80 85 86 85 84 83 84 79 75 73 54 51 47 46 44 42 41 36 33 31 27 8 14 17 14 10 14 17 16 18 21 23 41 39 42 50 49 53 56 32 31 30 31
46 42 36 33 30 30 25 29 25 23 22 27 33 40 36 33 39 40 48 52 56 60 63 68 61 58 53 50 45 43 39 42 46 27 25 24 21 15 10 12 15 18 21 44 46 49 58 55 60 75 74 76 81 86 84 80 77 81 82 83 88 85 81 77 76 73 70 61 56 52 48 39 36 30 41 30 27 22 7 13 12 0 6 8 10 15 16 17 27 33 34 37 40 48 50 55 31 28 27 31
43 38 38 32 27 26 21 24 20 18 20 25 30 34 32 31 34 35 38 56 60 64 60 63 67 62 55 52 46 48 41 53 48 27 26 22 17 15 12 15 16 21 30 45 50 51 61 57 63 82 78 81 84 91 86 83 80 86 86 89 82 81 77 76 72 70 67 63 60 57 41 36 33 29 28 25 21 19 1 7 15 11 8 11 14 17 19 24 25 30 30 35 35 43 48 35 28 23 22 23
40 37 34 29 32 24 20 18 18 14 19 21 25 30 32 28 29 30 33 58 59 53 55 58 70 65 56 56 47 58 53 45 41 29 27 23 21 22 17 18 20 25 29 32 54 56 55 56 89 87 83 88 86 89 87 87 92 88 88 94 88 83 79 81 77 75 68 65 65 46 42 38 33 32 29 27 26 23 5 6 9 14 18 21 16 23 20 23 27 28 29 32 33 39 42 30 28 23 21 16
36 33 29 25 22 19 18 14 13 10 15 3 8 24 24 24 29 35 36 52 52 52 53 55 56 64 65 61 57 56 51 38 37 34 32 28 26 23 19 22 25 29 33 36 56 47 52 54 92 91 92 93 91 94 89 91 95 96 95 91 87 82 81 82 81 71 70 69 49 48 46 41 37 34 34 31 29 26 6 10 15 18 21 23 21 25 22 28 32 30 33 34 32 34 39 28 24 20 17 13
37 34 22 21 19 16 13 11 6 5 5 2 16 20 19 22 27 32 35 50 48 50 53 53 54 59 60 63 56 51 46 44 40 35 34 31 30 28 21 23 26 30 35 37 40 45 50 52 95 92 97 101 96 123 96 94 99 104 95 90 85 83 86 84 86 80 75 74 56 52 47 44 47 42 37 36 33 34 10 15 16 21 23 27 29 35 39 40 34 32 37 33 31 33 34 24 20 16 12 8
39 37 25 23 23 12 11 7 5 4 2 0 15 16 17 21 26 35 38 47 44 46 47 48 51 53 56 60 58 56 53 48 44 40 32 31 28 27 24 27 32 37 37 38 42 49 54 57 102 97 100 112 111 118 123 99 103 101 96 94 86 88 89 86 84 83 78 58 57 56 51 46 49 42 38 39 37 23 22 18 17 19 22 29 34 30 34 36 38 42 34 30 29 32 29 26 14 10 6 6
35 33 30 30 21 16 15 9 10 7 5 11 18 18 21 26 30 37 34 36 41 43 44 46 52 57 51 55 54 59 54 50 55 44 36 33 31 29 29 31 33 37 41 41 45 50 55 59 104 101 102 107 108 113 117 100 105 104 100 96 100 105 94 91 88 84 79 65 64 60 52 51 50 31 29 28 26 21 20 19 22 25 26 34 32 29 33 32 36 40 41 29 25 22 22 20 9 8 1 3
37 31 28 27 22 19 18 17 15 9 6 7 8 20 27 24 25 24 32 34 36 39 42 40 42 49 48 50 53 56 58 51 46 43 39 35 34 30 37 35 39 44 49 42 48 53 55 108 107 106 104 110 111 115 117 121 123 103 102 99 102 105 94 93 90 89 79 74 67 64 57 53 53 38 33 32 30 27 22 20 24 28 32 30 29 24 25 30 35 38 30 26 21 19 17 15 13 11 10 4
40 38 33 28 23 21 20 19 17 18 8 11 30 28 26 23 24 22 27 30 35 34 38 39 43 42 47 49 56 60 63 64 47 47 42 38 39 45 41 36 39 44 48 43 50 55 58 110 109 111 114 111 114 116 121 133 112 108 106 104 109 112 89 86 82 77 75 73 69 68 61 57 37 35 34 33 27 25 23 29 27 28 29 32 21 20 23 31 36 41 37 27 21 20 18 17 17 16 12 9
41 37 35 31 26 26 25 23 22 22 24 16 18 30 22 21 15 19 23 28 33 31 32 34 36 41 43 46 66 65 70 78 53 48 58 54 53 50 45 39 43 47 51 47 63 60 59 62 111 112 117 114 118 122 125 128 130 109 107 107 114 115 96 94 85 79 75 74 72 66 65 66 40 36 35 34 31 27 26 31 29 30 19 19 17 17 12 16 23 25 32 37 24 23 23 19 18 23 27 10
46 42 40 35 31 34 29 35 30 26 27 29 15 23 21 16 11 14 19 24 26 28 30 32 35 36 38 42 43 67 71 76 80 51 63 60 56 51 41 40 47 51 54 59 64 64 63 67 115 132 121 119 122 127 126 130 132 114 108 111 116 99 94 90 87 82 80 75 78 68 69 71 44 37 35 33 32 28 31 37 34 20 18 16 14 12 11 13 19 21 27 31 27 26 28 24 21 24 29 12
50 49 44 40 34 55 40 39 31 28 31 18 13 12 7 6 1 15 16 28 31 29 31 36 39 40 43 44 46 49 51 58 62 60 64 62 58 48 46 45 52 53 57 59 67 77 76 72 135 131 127 124 128 133 134 134 136 118 113 118 117 99 94 92 89 81 78 76 80 71 74 75 46 42 40 37 33 31 22 20 17 13 12 11 5 13 7 11 15 20 25 27 32 36 31 26 30 25 34 35
53 53 52 50 51 50 46 44 41 30 26 25 22 17 8 20 17 20 24 27 31 36 34 41 43 51 48 48 51 54 55 56 57 59 62 63 62 52 51 46 56 58 60 62 65 69 80 76 139 136 132 129 134 137 140 157 140 119 118 123 120 103 98 96 90 85 81 81 84 75 77 53 49 46 42 40 37 41 20 16 14 10 7 6 1 0 2 3 5 23 30 28 31 33 32 30 34 38 35 39
54 52 50 48 47 46 41 40 38 36 31 26 24 20 24 25 18 22 26 31 34 41 43 48 49 59 55 52 56 55 58 57 60 62 63 66 61 57 52 50 61 62 66 78 78 82 151 147 142 140 136 131 135 139 147 152 155 160 123 128 122 105 102 98 93 88 84 88 85 62 59 54 53 50 45 42 38 26 22 19 17 16 11 7 11 1 3 6 7 8 34 31 34 37 33 40 35 39 42 44
55 57 53 50 51 49 42 43 40 37 33 27 26 24 27 29 20 24 25 28 36 43 44 52 66 61 59 54 59 59 64 63 61 66 73 67 62 60 57 68 65 66 70 74 75 76 80 152 147 141 139 134 135 140 144 147 159 161 165 166 126 108 105 100 95 90 88 90 87 67 64 62 58 52 36 34 33 32 27 24 19 18 16 8 13 12 7 8 11 14 27 33 35 40 36 66 36 41 50 48
56 65 63 59 54 50 44 45 42 38 34 30 31 28 32 33 30 25 27 30 45 44 46 51 52 63 61 58 61 63 68 69 66 69 70 71 72 65 61 71 69 71 75 78 81 80 81 154 150 145 140 139 143 148 151 152 155 158 160 164 166 167 109 104 98 93 92 97 91 70 68 66 63 57 42 37 35 32 27 26 21 16 15 10 17 16 9 14 16 19 23 25 37 65 64 61 59 57 52 51
60 68 65 61 55 52 49 48 44 41 36 42 37 32 33 41 31 26 29 37 40 48 51 56 61 63 65 62 65 69 74 77 67 73 78 79 82 64 63 65 70 75 77 81 86 91 157 153 151 147 144 140 145 150 153 153 154 160 164 167 168 170 113 108 102 94 95 101 93 71 72 71 66 55 50 45 40 36 31 31 23 18 16 15 25 20 11 15 20 25 28 33 38 68 65 63 64 61 57 61
61 71 67 65 60 55 51 52 48 46 37 41 39 36 38 39 43 29 32 34 39 42 47 57 66 71 66 65 66 68 70 75 79 78 81 83 87 70 66 71 73 78 80 85 87 88 161 156 156 150 148 141 148 155 159 155 155 163 168 170 170 115 112 111 123 98 105 102 86 80 79 75 70 57 53 48 37 32 27 26 25 23 20 18 30 18 16 18 23 27 30 34 36 72 70 68 66 62 62 62
70 69 66 62 61 59 56 55 53 50 46 43 38 37 43 47 49 34 36 39 42 46 48 51 67 70 71 69 73 73 75 77 82 83 83 87 92 76 71 76 75 83 83 87 90 93 165 158 161 162 152 142 151 156 162 158 167 166 169 172 172 119 115 124 120 115 110 86 85 80 79 78 73 78 47 45 40 35 30 30 30 33 35 27 22 19 17 26 25 27 30 38 39 74 72 72 68 65 68 69
73 72 69 65 66 59 57 60 53 52 49 48 45 41 48 51 52 40 37 40 43 46 48 52 61 64 68 71 69 75 80 80 84 87 86 87 96 80 72 77 80 88 91 90 91 93 164 160 163 170 157 143 152 154 159 176 172 167 170 171 179 126 124 121 120 118 95 97 86 85 83 83 75 50 45 43 41 40 39 36 32 34 31 29 25 34 33 28 30 31 36 37 41 44 74 75 73 68 73 74
75 75 77 74 69 60 59 57 56 53 56 51 47 42 49 53 57 41 38 42 46 49 53 57 59 63 64 66 68 70 72 77 86 92 88 91 100 84 82 80 83 91 92 95 94 96 165 161 163 166 169 146 157 156 160 179 175 169 172 175 177 180 127 124 99 98 94 93 92 88 88 59 54 51 49 47 46 44 40 38 36 39 37 32 29 39 35 31 33 34 38 39 42 46 79 79 76 71 74 79
79 81 78 77 73 66 62 58 58 54 55 52 49 46 51 55 60 43 43 45 55 54 55 59 64 69 70 71 70 74 73 76 81 93 90 93 102 105 103 101 96 93 96 100 102 97 170 162 166 170 173 151 161 160 165 182 177 170 177 179 181 182 111 107 104 103 96 96 94 92 92 63 60 58 55 52 48 47 44 39 38 40 37 36 31 43 40 35 36 36 39 42 43 51 55 81 80 73 82 81
19 3
3856 3848 3847
3851 3846 3845
3845 3842 3841
3835 3834 3822
1636 1634 3830
1625 1615 1620
1629 1633 4584
4588 4587 4582
4586 4581 4578
4036 4592 4577
4023 4030 4586
4030 4033 4037
4040 4035 4037
4042 4040 4038
4044 4043 4043
4050 4045 4046
4052 4056 4051
4056 4058 4053
4060 4063 4058
14 1
4267
4284
698
682
695
700
704
709
710
712
716
720
721
725
8 3
800 794 1875
410 1849 1481
4296 3693 1469
4277 3692 2093
4993 4998 2077
2270 2276 2095
2290 3495 2242
3501 3492 3509
1 16
3172 3955 3762 3763 2813 2801 884 62 1553 1544 2552 3133 4451 4439 802 816
3 2
1042 4014
2680 1927
4122 412
1 1
9
2 17
2407 2406 2401 2396 202 197 202 206 4696 2095 2094 842 3474 4907 1440 1444 1449
2407 2403 2400 2380 2396 193 194 4703 4693 2092 2088 2094 3485 267 1441 1446 1449
24 8
2242 2239 2235 2226 2237 2238 2733 2729
1536 1538 2240 2234 2239 2735 2731 2727
1532 1537 1539 2235 2735 2732 2729 2724
1520 1533 1534 1539 3914 3914 2719 2710
1536 1537 1536 3917 3912 3911 3914 3878
2611 2608 2599 3910 3904 3906 3870 3861
2610 2607 2587 2605 3921 1384 1378 3881
2613 2609 2598 301 3922 3925 1396 3018
2618 2614 305 292 294 3023 3016 3017
2620 2624 298 296 3021 3020 3015 3019
2625 2629 302 297 3023 3025 3009 3023
2627 2633 307 302 3025 3030 3015 658
2630 2636 309 3375 3030 668 666 654
3389 3389 3375 3374 3157 3153 674 671
3388 3384 3380 3371 3375 3152 3147 3143
3383 3382 3379 3362 3374 3146 3143 3131
3390 3388 3383 3380 908 1576 3144 3143
917 913 911 909 904 1561 1567 3148
2696 2692 2687 904 884 900 902 906
2693 2689 2686 2679 896 904 907 909
3265 3262 3244 2699 2701 2703 2708 2709
3262 3258 3242 3257 2702 2708 2710 2712
3265 3260 3252 3254 3255 3259 2711 2716
3268 3263 3255 3259 3263 3262 2723 2719
2 6
2874 2589 2578 1094 3761 1934
2878 1363 860 3551 4427 3790
2 26
1547 1550 1555 1556 4989 4988 4986 4979 2546 2554 2558 3438 928 948 849 843 4076 4075 4091 4096 4330 2078 2084 4968 4966 2112
1533 1547 1552 1555 4986 4985 4981 4976 4989 2558 3426 3424 3425 850 831 841 846 4093 4095 4322 4313 3425 3431 4970 4967 2128
6 19
4109 4105 321 316 312 302 309 3499 493 497 1846 4792 4790 4792 4795 184 1039 1147 1139
4105 4100 4115 318 316 312 3500 3497 490 500 1842 442 4781 4791 183 181 1036 1146 1134
4121 4120 414 419 421 3497 3493 3490 3504 3213 1826 432 1987 1992 174 167 1031 1022 1141
2496 411 401 405 3697 2386 3197 3504 3196 3195 3203 441 1996 615 610 603 615 1042 753
2484 4571 407 3695 3688 2370 2373 3509 3212 3207 3208 3209 1998 627 625 613 626 761 742
4565 4558 4574 4575 2184 2179 2187 2192 3213 3210 3212 3210 3214 630 626 629 771 766 758
1 4
588 4646 3563 4660
8 4
3707 3702 4864 4851
3705 3700 3686 4858
3214 2268 3689 4861
3195 2249 2261 2264
3215 545 564 2266
2549 2551 4677 920
296 305 4674 915
23 26 4681 917
1 97
1785 1793 1843 1851 1852 1856 1859 3597 3594 3593 3586 3605 3609 3611 3613 3614 3617 3618 660 657 653 652 649 645 640 637 634 626 639 1235 1224 1244 1245 1249 1252 645 638 644 647 650 654 657 660 661 3334 3330 3329 3324 3322 3317 3311 3322 3323 3324 3328 3330 3331 3336 88 83 80 76 65 83 87 91 4832 4829 4828 4835 4840 4841 4842 4847 4848 4853 4857 4860 4863 4864 3165 3160 3155 3152 3149 3148 3145 3143 3142 3125 3144 3149 3153 3158 3163 3167 3171
12 7
1654 2979 2997 2309 2304 2702 3509
1665 2992 2994 2305 2292 2688 3508
488 4045 4048 98 88 3513 3495
486 501 3124 4845 4842 345 3512
65 3121 3107 3124 4853 362 2413
83 2170 3126 3126 3708 2410 2408
2168 2165 2172 3706 3700 2418 2403
2172 2184 4078 4098 3712 2676 2656
3881 3873 4424 4426 2662 2661 2657
2574 2562 4420 4427 4430 4743 2661
2579 2582 4422 4430 4740 4725 4744
2588 2584 4439 4435 4731 4726 4730
28 5
4008 4007 4003 3999 4001
4007 4002 4000 3997 3982
4011 4007 4001 3999 4000
976 968 4005 4001 4005
971 967 962 959 962
973 961 956 955 960
969 967 963 951 966
976 971 970 968 969
979 976 973 972 977
983 977 979 974 977
985 981 980 976 981
993 983 980 978 983
988 983 981 980 988
990 985 984 984 989
995 986 989 993 991
998 997 994 998 994
999 1004 995 1000 999
1000 1001 997 1005 1007
1004 1003 1005 1006 1010
1007 1006 1011 1009 1013
1008 1009 1013 1017 1015
1012 1013 1015 1019 1018
1017 1018 1021 1026 1023
1021 1023 1029 1027 1024
1026 1031 1032 1032 1026
1030 1034 1034 1035 1027
1035 1036 1038 1039 1040
1039 1044 1041 1044 1045
10 8
4355 4358 4359 3531 3519 3540 3535 3543
4351 3531 3528 3527 3516 3536 3534 3538
4349 3528 3525 3522 3515 3530 3532 3536
4344 4343 3521 3518 3513 3527 3531 3382
4339 4340 4332 3516 3506 3525 3526 3377
4338 4322 4329 1337 1331 1338 3383 3369
57 39 50 1335 1333 1335 3388 3380
62 52 1340 1336 1334 1339 3383 3381
65 54 1345 1337 1337 1342 1344 3382
59 58 1349 1346 1341 1346 3388 3384
37 1
1140
1129
1190
1199
2084
2080
959
4939
4167
4183
303
291
301
304
305
1815
1812
1809
1793
4249
4269
4466
4455
4460
237
239
242
247
546
545
533
546
385
371
493
505
506
15 8
118 138 142 147 150 1786 1781 1780
127 139 1058 1061 1772 1764 1776 1775
1059 1058 1054 1059 1767 1763 1767 1771
1054 1053 1051 1055 1766 1762 1756 1766
3394 1048 1041 1057 1431 1766 1762 1766
3393 3390 1053 1448 1430 1450 1764 1766
3392 3377 3397 2100 1440 2103 2103 2108
3572 3397 2097 2096 2103 2101 2102 2107
3568 3578 2094 2091 2085 2100 2105 2106
3572 3573 2099 2092 2104 2104 2108 2108
898 903 2098 2095 2096 2112 2110 2775
882 888 892 2099 2100 3093 2768 2764
895 900 905 2102 507 3090 3084 2773
899 903 512 508 506 504 3090 3093
900 511 508 504 502 487 507 512
3 1
4594
1767
4809
2 9
36 54 2904 3636 3616 3634 1564 1561 1555
45 2898 2893 2913 598 600 1566 1566 1556
47 2
2356 2361
2354 2357
2350 2354
2346 2350
2357 2353
2361 2356
683 680
687 676
936 693
956 1960
1956 1945
1958 1963
1963 1964
1964 1968
2411 1972
2407 2421
2403 2416
2399 2415
2412 2586
2597 2595
3784 3780
3797 3792
3799 3796
4047 1596
4045 1592
4062 1609
4063 1610
4565 4567
4560 4561
4559 3558
3550 3541
3551 3554
4706 4704
4703 4701
2435 4721
4960 4961
4972 3135
3113 3130
3110 3126
338 3131
324 336
341 609
605 604
626 624
1421 4694
1418 4690
1402 4689
2 3
7 6 7
7 6 7
30 4
1274 1269 1249 1253
1219 1272 1264 3602
1218 1229 3599 3597
1217 1215 1228 3596
1218 1216 3606 3586
1220 1219 3610 3587
1223 1224 1226 3592
1228 1227 1230 1220
3753 1229 1225 1219
3748 1226 1221 1217
3745 1221 1218 1213
3740 3249 1222 1210
3735 3245 3240 3232
3732 3733 3247 3245
3725 3732 3736 4439
3744 3734 4449 4434
3747 611 607 4436
3748 608 605 609
604 603 602 606
603 601 598 603
606 615 596 605
612 611 610 606
2153 2150 2134 4491
2147 2146 2130 4487
2146 2143 2128 4484
3173 3158 4484 4481
3171 3153 3154 4500
3019 3005 3024 4503
3020 3010 910 906
901 896 895 887
6 13
4600 4600 4597 4593 4592 45 62 67 70 2631 2629 2630 2635
4599 4597 4596 4591 4578 4592 4597 4598 1850 2625 2624 2625 2626
4601 4603 4599 4596 4588 4593 4598 1853 1847 1868 2623 2621 2625
4607 4606 4603 4601 3248 4596 1852 1850 1846 1866 2616 2609 2616
4612 4607 3254 3252 3247 3243 3240 3247 1865 1869 2621 2622 2618
3257 3254 3251 3249 3248 3243 3238 3237 3249 1874 2626 2621 2619
5 5
7 14 0 24 15
9 8 16 22 21
0 16 30 16 0
24 20 15 15 13
18 7 0 6 23
1 42
743 738 734 733 721 727 729 732 735 736 3940 3935 3920 3928 3931 2066 2055 2075 809 802 2862 2877 1527 4413 2911 2927 2929 1268 1256 2961 2978 4877 4857 3204 3206 3209 3211 3213 3093 3089 3076 912
29 3
4766 4765 4767
4765 4760 1627
4749 4759 1622
4760 4762 4752
4753 4749 4747
3957 4754 4753
3952 3948 3937
3948 3947 3932
3586 3581 3933
658 3577 3588
649 3572 3583
1116 3576 3212
1128 3217 3206
1567 3220 3212
1562 1559 1564
1568 1555 3531
3542 3537 3525
2588 2576 3527
4754 3935 3939
4767 3955 3956
2697 3957 3960
2693 1678 1681
2692 1676 3966
1676 1657 3964
1670 1667 3975
1671 1669 3980
1926 1830 3982
1923 1814 1821
1908 1912 1915
3 29
3232 3925 1902 1887 1902 2339 2350 1607 1608 35 970 976 2174 2175 3972 3969 3967 3964 3979 12 401 402 2641 2640 2650 1804 1803 1819 1821
3230 3924 3921 1891 4062 4057 1608 1588 1594 28 968 975 2169 2173 3405 3973 2124 3983 24 6 391 396 2634 2633 2645 2648 1815 1820 1821
3227 3006 3933 4073 4068 4048 4062 1594 139 123 964 970 2157 3411 3397 3415 2123 2125 2127 4632 4622 4634 260 2636 2648 2652 1819 1822 1822
2 13
8 8 8 8 8 8 8 8 8 8 8 8 8
8 8 8 8 8 8 8 8 8 8 8 8 8
23 8
700 1822 1805 3603 1239 1238 1220 1235
695 693 3589 3588 3602 1242 1226 1229
1106 700 4616 3596 2145 2141 2130 2151
1103 4615 4611 4616 2140 2139 2129 2149
1101 1110 4608 4597 4616 3663 3657 3658
1120 3244 3241 4599 292 4335 3668 3661
3249 3247 3239 3243 289 4332 4314 4324
3252 3249 3248 287 274 282 4333 4338
3259 3254 3250 811 796 803 4334 4341
4294 4287 3251 808 805 809 4432 4425
4290 4286 4288 812 810 811 4430 4424
4299 4281 4283 817 812 4434 4417 4419
670 4295 4297 821 199 196 187 4422
675 4296 4300 826 198 193 181 192
4329 4328 4330 206 201 197 188 192
4327 4325 4327 4331 2554 2550 2548 1377
4645 4340 4644 879 877 2545 2536 1359
4642 4636 4641 874 875 880 2539 1360
4633 4635 4637 873 856 858 2452 2448
4648 4636 267 869 850 857 2447 2431
267 267 262 265 855 874 873 2450
265 263 248 262 2953 2967 888 889
269 266 249 267 2955 894 891 894
1 13
4296 4292 4288 4286 4303 4308 4310 4314 4316 4317 4318 4319 4324
3 7
917 2120 2110 4273 4681 4674 4689
897 3 401 2282 4761 4694 903
1070 1076 414 1692 4745 4765 884
1 67
2210 2208 2199 2209 2212 2433 2432 2430 2426 2410 2418 2111 2095 1002 1015 1017 1021 1024 1028 1052 1050 1046 1044 1042 1041 1025 1041 1045 1046 1050 1053 517 516 513 512 508 505 488 3386 3381 3797 3791 3797 4024 4004 4015 4016 2779 2777 2775 2773 2786 2790 2794 2796 4358 4357 4356 4350 4570 4576 839 827 2670 2673 2678 2679
5 5
7 14 0 24 15
9 8 15 22 21
0 15 30 15 0
24 20 15 15 13
18 7 0 6 23
9 10
4164 4163 4162 4158 4162 4164 717 716 715 716
4153 4153 4159 4155 4159 4160 4165 714 712 720
4152 4150 4152 4152 4155 4165 714 710 710 715
4154 4149 4147 4151 4154 4156 708 706 709 712
4150 4146 4145 4146 4149 4152 4155 703 704 711
4142 4146 4134 4154 4151 4157 4159 701 703 708
4141 4140 4138 4141 4144 688 693 697 699 704
1584 1583 4139 4141 692 687 685 693 698 699
1583 1577 1587 1589 697 692 686 694 698 700
3 3
9 6 3
5 9 6
3 5 9
7 12
2909 2906 2903 2891 2902 98 97 87 1820 1817 1818 4323
2913 4872 4867 4855 4873 104 103 101 1838 1836 1841 4327
4880 4878 4868 4863 4865 4870 108 103 1840 1837 1842 1305
4877 4875 4870 4865 4866 4872 914 911 4212 4194 4198 1304
4879 4876 1197 4869 922 902 895 906 4211 4192 1300 1289
1190 1187 1184 1195 920 917 914 1308 1304 4203 2690 4987
4257 4255 4249 4261 923 922 917 1309 1308 2678 2671 4985
8 15
2356 2351 2346 1169 1167 1168 3118 3116 3113 3114 3115 1030 990 979 982
3855 2344 2344 1184 1164 1171 2480 3115 3110 3110 1025 1015 2171 988 992
3854 2342 2343 2348 1178 2471 2479 3110 3105 3106 3111 1296 2183 992 993
3846 2339 2343 2370 1182 1899 2480 3092 3088 3092 1295 1276 166 184 187
2341 2335 3800 2366 2359 1894 1897 1472 3105 481 2131 2113 162 182 183
3813 3810 3799 2364 2346 2361 3575 1457 1461 477 474 456 170 184 3957
3815 3814 3802 196 2360 3581 3571 3587 3591 478 2717 460 462 3960 3949
86 82 80 72 78 3580 3579 3591 2710 2709 2699 2705 3965 3961 3969
2 16
801 812 2126 2106 4748 4748 4188 1346 1345 1958 1976 1555 1546 1541 1530 1531
3700 3715 2227 2215 2217 4765 4202 848 835 838 839 1121 1102 1111 4626 4633
8 11
2014 2011 2005 2011 3778 3774 3770 3774 3777 3426 3774
2006 2007 2004 2006 3775 3772 3756 3772 3430 3422 3773
1986 1997 2000 2003 2007 3779 3774 3425 3418 3421 3771
1991 1994 1998 1999 2002 1661 1659 1669 3423 3771 3758
2989 1999 2001 2005 2009 155 150 4628 4625 4626 3767
2982 2984 2989 2006 2010 166 146 163 4617 4624 4626
2994 2996 2992 2011 156 152 150 4637 4634 4628 4631
2998 3001 2993 2014 2018 157 154 4638 4636 4631 4634
5 7
1361 1358 1248 1244 1243 1239 1223
1349 1357 190 185 180 163 3310
1369 1373 4834 188 4257 3319 3309
3331 4834 4819 4827 4242 4262 3325
4558 4563 3498 3499 4256 4267 3328
59 2
608 609
588 605
604 4498
609 4517
1752 1752
1751 1733
1755 1736
1759 1764
1984 1992
1977 1988
1995 3948
3939 3935
3942 3948
3054 3049
1336 3048
1329 3042
1331 3047
1335 2534
2535 2521
128 126
4029 131
4015 4031
4032 4034
3102 4037
3100 3120
3115 3121
2624 2624
2621 2620
2617 2615
2619 2616
2624 2619
2627 2621
2629 2622
711 706
706 701
697 693
698 694
3276 3274
3270 3269
3270 3265
3257 3252
3260 3256
3264 3259
1783 3261
1782 1765
1777 1761
1353 1351
1354 1338
1356 1343
1359 1360
1360 1361
4513 4517
4508 4512
4489 4495
4496 4513
4510 4509
4511 4507
2925 4505
2915 2920
1 25
2143 2152 2153 3497 3489 1572 1863 2606 4472 4469 3982 4483 689 693 694 3817 3811 2037 2015 2029 4850 4830 3858 3877 2740
